7
0 0 1 2
0 638 1014 688 985 6.5
1 688 985 1266 959 6.5
1 0 2 4
0 638 1014 671 1006 6.5
1 671 1006 680 1027 6.5
2 680 1027 670 1047 6.5
3 670 1047 645 1053 6.5
2 0 3 6
0 638 1014 627 1037 7.9
1 627 1037 645 1053 7.9
2 645 1053 692 1070 7.9
3 692 1070 765 1072 7.9
4 765 1072 1287 1027 7.9
5 1287 1027 1304 1077 7.9
3 0 4 2
0 638 1014 620 1001 40.0
1 620 1001 30 1038 40.0
4 1 5 3
0 1266 959 1330 1028 23.6
1 1330 1028 1306 1084 23.6
2 1306 1084 1513 1665 23.6
5 1 6 4
0 1266 959 1250 941 14.7
1 1250 941 648 975 14.7
2 648 975 606 339 14.7
3 606 339 603 292 14.7
6 1 7 5
0 1266 959 1214 705 23.4
1 1214 705 1187 384 23.4
2 1187 384 1176 321 23.4
3 1176 321 1185 212 23.4
4 1185 212 1196 30 23.4
