7
0 0 1 4
0 637 1008 689 984 6.5
1 689 984 745 979 6.5
2 745 979 921 969 6.5
3 921 969 1265 960 6.5
1 0 2 6
0 637 1008 653 1000 6.5
1 653 1000 674 1002 6.5
2 674 1002 683 1023 6.5
3 683 1023 681 1033 6.5
4 681 1033 671 1050 6.5
5 671 1050 646 1058 6.5
2 0 3 8
0 637 1008 627 1036 7.9
1 627 1036 650 1052 7.9
2 650 1052 693 1066 7.9
3 693 1066 796 1065 7.9
4 796 1065 899 1054 7.9
5 899 1054 1284 1026 7.9
6 1284 1026 1296 1038 7.9
7 1296 1038 1317 1073 7.9
3 0 4 4
0 637 1008 621 1002 40.0
1 621 1002 526 1015 40.0
2 526 1015 487 1034 40.0
3 487 1034 31 1058 40.0
4 1 5 5
0 1265 960 1334 1029 23.6
1 1334 1029 1332 1054 23.6
2 1332 1054 1308 1085 23.6
3 1308 1085 1330 1118 23.6
4 1330 1118 1525 1661 23.6
5 1 6 9
0 1265 960 1251 945 14.7
1 1251 945 1051 970 14.7
2 1051 970 716 987 14.7
3 716 987 674 997 14.7
4 674 997 652 989 14.7
5 652 989 642 980 14.7
6 642 980 610 530 14.7
7 610 530 605 339 14.7
8 605 339 596 292 14.7
6 1 7 8
0 1265 960 1217 799 23.4
1 1217 799 1207 743 23.4
2 1207 743 1180 470 23.4
3 1180 470 1172 326 23.4
4 1172 326 1172 276 23.4
5 1172 276 1174 197 23.4
6 1174 197 1182 109 23.4
7 1182 109 1184 29 23.4
