110
6 7 100
6 8 100
6 9 100
6 10 100
6 11 100
6 12 100
6 13 100
6 14 100
6 15 100
6 16 100
7 6 100
7 8 100
7 9 100
7 10 100
7 11 100
7 12 100
7 13 100
7 14 100
7 15 100
7 16 100
8 6 100
8 7 100
8 9 100
8 10 100
8 11 100
8 12 100
8 13 100
8 14 100
8 15 100
8 16 100
9 6 100
9 7 100
9 8 100
9 10 100
9 11 100
9 12 100
9 13 100
9 14 100
9 15 100
9 16 100
10 6 100
10 7 100
10 8 100
10 9 100
10 11 100
10 12 100
10 13 100
10 14 100
10 15 100
10 16 100
11 6 100
11 7 100
11 8 100
11 9 100
11 10 100
11 12 100
11 13 100
11 14 100
11 15 100
11 16 100
12 6 100
12 7 100
12 8 100
12 9 100
12 10 100
12 11 100
12 13 100
12 14 100
12 15 100
12 16 100
13 6 100
13 7 100
13 8 100
13 9 100
13 10 100
13 11 100
13 12 100
13 14 100
13 15 100
13 16 100
14 6 100
14 7 100
14 8 100
14 9 100
14 10 100
14 11 100
14 12 100
14 13 100
14 15 100
14 16 100
15 6 100
15 7 100
15 8 100
15 9 100
15 10 100
15 11 100
15 12 100
15 13 100
15 14 100
15 16 100
16 6 100
16 7 100
16 8 100
16 9 100
16 10 100
16 11 100
16 12 100
16 13 100
16 14 100
16 15 100
