110
6 7 2 3 
6 8 2 0 4 
6 9 2 0 5 
6 10 2 1 8 
6 11 2 1 9 
6 12 2 0 6 11 
6 13 2 0 6 10 13 
6 14 2 0 6 10 14 
6 15 2 0 6 10 12 15 
6 16 2 0 6 10 12 16 
7 6 3 2 
7 8 3 0 4 
7 9 3 0 5 
7 10 3 1 8 
7 11 3 1 9 
7 12 3 0 6 11 
7 13 3 0 6 10 13 
7 14 3 0 6 10 14 
7 15 3 0 6 10 12 15 
7 16 3 0 6 10 12 16 
8 6 4 0 2 
8 7 4 0 3 
8 9 4 5 
8 10 4 0 1 8 
8 11 4 0 1 9 
8 12 4 6 11 
8 13 4 6 10 13 
8 14 4 6 10 14 
8 15 4 6 10 12 15 
8 16 4 6 10 12 16 
9 6 5 0 2 
9 7 5 0 3 
9 8 5 4 
9 10 5 0 1 8 
9 11 5 0 1 9 
9 12 5 6 11 
9 13 5 6 10 13 
9 14 5 6 10 14 
9 15 5 6 10 12 15 
9 16 5 6 10 12 16 
10 6 8 1 2 
10 7 8 1 3 
10 8 8 1 0 4 
10 9 8 1 0 5 
10 11 8 9 
10 12 8 7 11 
10 13 8 7 10 13 
10 14 8 7 10 14 
10 15 8 7 10 12 15 
10 16 8 7 10 12 16 
11 6 9 1 2 
11 7 9 1 3 
11 8 9 1 0 4 
11 9 9 1 0 5 
11 10 9 8 
11 12 9 7 11 
11 13 9 7 10 13 
11 14 9 7 10 14 
11 15 9 7 10 12 15 
11 16 9 7 10 12 16 
12 6 11 6 0 2 
12 7 11 6 0 3 
12 8 11 6 4 
12 9 11 6 5 
12 10 11 7 8 
12 11 11 7 9 
12 13 11 10 13 
12 14 11 10 14 
12 15 11 10 12 15 
12 16 11 10 12 16 
13 6 13 10 6 0 2 
13 7 13 10 6 0 3 
13 8 13 10 6 4 
13 9 13 10 6 5 
13 10 13 10 7 8 
13 11 13 10 7 9 
13 12 13 10 11 
13 14 13 14 
13 15 13 12 15 
13 16 13 12 16 
14 6 14 10 6 0 2 
14 7 14 10 6 0 3 
14 8 14 10 6 4 
14 9 14 10 6 5 
14 10 14 10 7 8 
14 11 14 10 7 9 
14 12 14 10 11 
14 13 14 13 
14 15 14 12 15 
14 16 14 12 16 
15 6 15 12 10 6 0 2 
15 7 15 12 10 6 0 3 
15 8 15 12 10 6 4 
15 9 15 12 10 6 5 
15 10 15 12 10 7 8 
15 11 15 12 10 7 9 
15 12 15 12 10 11 
15 13 15 12 13 
15 14 15 12 14 
15 16 15 16 
16 6 16 12 10 6 0 2 
16 7 16 12 10 6 0 3 
16 8 16 12 10 6 4 
16 9 16 12 10 6 5 
16 10 16 12 10 7 8 
16 11 16 12 10 7 9 
16 12 16 12 10 11 
16 13 16 12 13 
16 14 16 12 14 
16 15 16 15 
