24
0 0 1 1
0 1472 1165 1480 1141 14.0
1 0 2 3
0 1472 1165 1465 1165 14.0
1 1465 1165 1455 1158 14.0
2 1455 1158 1453 1150 14.0
2 3 4 4
0 857 610 838 671 6.5
1 838 671 818 757 6.5
2 818 757 775 1017 6.5
3 775 1017 765 1113 6.5
3 5 4 2
0 778 1184 765 1129 6.5
1 765 1129 765 1113 6.5
4 2 1 1
0 1453 1150 1480 1141 14.0
5 6 4 2
0 657 1118 681 1114 6.5
1 681 1114 765 1113 6.5
6 7 8 1
0 410 54 409 110 6.5
7 9 3 1
0 855 618 857 610 14.0
8 3 10 1
0 857 610 848 610 14.0
9 11 12 6
0 29 727 60 704 20.5
1 60 704 99 669 20.5
2 99 669 128 662 20.5
3 128 662 179 660 20.5
4 179 660 275 666 20.5
5 275 666 530 659 20.5
10 12 13 1
0 530 659 528 660 21.2
11 13 14 1
0 528 660 521 664 14.7
12 13 10 3
0 528 660 653 647 25.2
1 653 647 793 615 25.2
2 793 615 848 610 25.2
13 15 9 5
0 1447 925 1270 876 25.3
1 1270 876 1179 841 25.3
2 1179 841 1097 803 25.3
3 1097 803 1003 738 25.3
4 1003 738 855 618 25.3
14 9 10 1
0 855 618 848 610 33.0
15 1 16 2
0 1480 1141 1483 1097 15.6
1 1483 1097 1450 924 15.6
16 8 7 4
0 409 110 416 78 9.8
1 416 78 437 52 9.8
2 437 52 426 57 9.8
3 426 57 410 54 9.8
17 17 0 3
0 1449 1481 1437 1419 15.4
1 1437 1419 1432 1353 15.4
2 1432 1353 1472 1165 15.4
18 14 8 7
0 521 664 508 610 17.2
1 508 610 487 541 17.2
2 487 541 479 500 17.2
3 479 500 464 333 17.2
4 464 333 458 304 17.2
5 458 304 432 212 17.2
6 432 212 409 110 17.2
19 18 6 3
0 537 674 600 911 12.3
1 600 911 636 1033 12.3
2 636 1033 657 1118 12.3
20 3 19 6
0 857 610 694 432 15.0
1 694 432 662 385 15.0
2 662 385 628 328 15.0
3 628 328 601 250 15.0
4 601 250 582 153 15.0
5 582 153 592 31 15.0
21 5 2 14
0 778 1184 856 1157 14.0
1 856 1157 884 1164 14.0
2 884 1164 918 1183 14.0
3 918 1183 966 1168 14.0
4 966 1168 1069 1178 14.0
5 1069 1178 1089 1151 14.0
6 1089 1151 1186 1148 14.0
7 1186 1148 1194 1140 14.0
8 1194 1140 1181 1102 14.0
9 1181 1102 1186 1089 14.0
10 1186 1089 1201 1072 14.0
11 1201 1072 1213 1067 14.0
12 1213 1067 1381 1113 14.0
13 1381 1113 1453 1150 14.0
22 6 5 6
0 657 1118 678 1195 6.5
1 678 1195 705 1269 6.5
2 705 1269 752 1309 6.5
3 752 1309 789 1323 6.5
4 789 1323 818 1329 6.5
5 818 1329 778 1184 6.5
23 7 20 2
0 410 54 448 43 12.9
1 448 43 590 26 12.9
