24
0 0 1 1
0 1478 1166 1485 1143 14.0
1 0 2 1
0 1478 1166 1451 1152 14.0
2 3 4 2
0 857 610 816 756 6.5
1 816 756 765 1114 6.5
3 5 4 1
0 780 1184 765 1114 6.5
4 2 1 1
0 1451 1152 1485 1143 14.0
5 6 4 1
0 654 1120 765 1114 6.5
6 7 8 1
0 411 53 412 110 6.5
7 9 3 1
0 860 608 857 610 14.0
8 3 10 1
0 857 610 851 605 14.0
9 11 12 3
0 30 732 104 675 20.5
1 104 675 148 668 20.5
2 148 668 528 663 20.5
10 12 13 1
0 528 663 528 664 21.2
11 13 14 1
0 528 664 528 663 14.7
12 13 10 2
0 528 664 677 649 25.2
1 677 649 851 605 25.2
13 15 9 4
0 1448 917 1272 869 25.3
1 1272 869 1104 797 25.3
2 1104 797 954 691 25.3
3 954 691 860 608 25.3
14 9 10 1
0 860 608 851 605 33.0
15 1 16 2
0 1485 1143 1490 1096 15.6
1 1490 1096 1453 924 15.6
16 8 7 2
0 412 110 438 49 9.8
1 438 49 411 53 9.8
17 17 0 2
0 1454 1479 1440 1353 15.4
1 1440 1353 1478 1166 15.4
18 14 8 3
0 528 663 487 498 17.2
1 487 498 472 331 17.2
2 472 331 412 110 17.2
19 18 6 1
0 531 675 654 1120 12.3
20 3 19 4
0 857 610 698 423 15.0
1 698 423 637 324 15.0
2 637 324 590 155 15.0
3 590 155 598 32 15.0
21 5 2 11
0 780 1184 861 1161 14.0
1 861 1161 918 1190 14.0
2 918 1190 965 1175 14.0
3 965 1175 1072 1184 14.0
4 1072 1184 1089 1156 14.0
5 1089 1156 1189 1153 14.0
6 1189 1153 1200 1141 14.0
7 1200 1141 1189 1099 14.0
8 1189 1099 1208 1073 14.0
9 1208 1073 1380 1117 14.0
10 1380 1117 1451 1152 14.0
22 6 5 4
0 654 1120 705 1272 6.5
1 705 1272 748 1309 6.5
2 748 1309 822 1330 6.5
3 822 1330 780 1184 6.5
23 7 20 1
0 411 53 590 30 12.9
