42
11 15 9 10 12 14 13 
11 16 9 10 12 14 7 2 3 21 4 15 
11 17 9 10 12 14 7 2 3 21 1 17 
11 18 9 10 12 14 7 2 5 19 
11 19 9 10 12 14 7 20 
11 20 9 10 11 18 16 23 
15 11 13 14 12 10 9 
15 16 13 7 2 3 21 4 15 
15 17 13 7 2 3 21 1 17 
15 18 13 7 2 5 19 
15 19 13 7 20 
15 20 13 14 12 11 18 16 23 
16 11 15 4 21 3 2 8 12 10 9 
16 15 15 4 21 3 2 8 14 13 
16 17 15 0 17 
16 18 15 4 21 22 19 
16 19 15 4 21 3 2 20 
16 20 15 4 21 3 2 8 12 11 18 16 23 
17 11 17 1 21 3 2 8 12 10 9 
17 15 17 1 21 3 2 8 14 13 
17 16 17 0 15 
17 18 17 1 21 22 19 
17 19 17 1 21 3 2 20 
17 20 17 1 21 3 2 8 12 11 18 16 23 
18 11 19 5 2 8 12 10 9 
18 15 19 5 2 8 14 13 
18 16 19 22 21 4 15 
18 17 19 22 21 1 17 
18 19 19 5 2 20 
18 20 19 5 2 8 12 11 18 16 23 
19 11 20 8 12 10 9 
19 15 20 8 14 13 
19 16 20 2 3 21 4 15 
19 17 20 2 3 21 1 17 
19 18 20 2 5 19 
19 20 20 8 12 11 18 16 23 
20 11 23 16 18 11 10 9 
20 15 23 16 18 11 12 14 13 
20 16 23 16 18 11 12 14 7 2 3 21 4 15 
20 17 23 16 18 11 12 14 7 2 3 21 1 17 
20 18 23 16 18 11 12 14 7 2 5 19 
20 19 23 16 18 11 12 14 7 20 
