69
3 2 66
3 14 66
3 30 66
3 32 66
3 35 66
3 44 66
3 45 66
9 2 66
9 14 66
9 30 66
9 32 66
9 35 66
9 44 66
9 45 66
15 2 66
15 14 66
15 30 66
15 32 66
15 35 66
15 44 66
15 45 66
18 2 66
18 14 66
18 20 66
18 30 66
18 32 66
18 35 66
18 44 66
18 45 66
21 2 66
21 14 66
21 30 66
21 32 66
21 35 66
21 44 66
21 45 66
33 2 66
33 14 66
33 30 66
33 32 66
33 35 66
33 44 66
33 45 66
41 2 66
41 14 66
41 30 66
41 32 66
41 35 66
41 44 66
41 45 66
43 2 66
43 14 66
43 30 66
43 32 66
43 35 66
43 44 66
43 45 66
44 2 66
44 14 66
44 30 66
44 32 66
44 35 66
44 45 66
45 2 66
45 14 66
45 30 66
45 32 66
45 35 66
45 44 66
