61
0 0 1 1
0 803 1894 807 1915 13.0
1 1 2 1
0 807 1915 833 2059 13.0
2 3 4 1
0 2080 1676 2019 1672 6.5
3 4 5 1
0 2019 1672 1978 1672 6.5
4 5 6 1
0 1978 1672 1967 1672 6.5
5 6 7 1
0 1967 1672 1704 1707 6.5
6 7 8 1
0 1704 1707 1690 1710 6.5
7 9 10 1
0 1787 1921 1709 1721 9.8
8 10 7 1
0 1709 1721 1704 1707 9.8
9 7 11 1
0 1704 1707 1458 1041 9.8
10 12 8 2
0 1442 1022 1445 1073 9.8
1 1445 1073 1690 1710 9.8
11 8 13 1
0 1690 1710 1695 1724 9.8
12 13 14 1
0 1695 1724 1774 1939 9.8
13 15 16 2
0 1935 294 1697 412 14.0
1 1697 412 1243 772 14.0
14 16 17 2
0 1243 772 1117 834 14.0
1 1117 834 633 927 14.0
15 18 19 1
0 932 2146 887 2121 9.8
16 19 20 2
0 887 2121 824 2102 9.8
1 824 2102 772 2100 9.8
17 21 16 2
0 542 259 960 447 9.8
1 960 447 1243 772 9.8
18 16 22 1
0 1243 772 1256 787 9.8
19 22 12 1
0 1256 787 1442 1022 9.8
20 12 11 1
0 1442 1022 1458 1041 9.8
21 5 23 1
0 1978 1672 1988 1685 9.8
22 24 25 1
0 834 1874 818 1877 6.5
23 26 27 1
0 618 948 796 1859 13.0
24 27 28 1
0 796 1859 801 1880 13.0
25 29 22 2
0 637 946 1126 853 14.0
1 1126 853 1256 787 14.0
26 22 30 3
0 1256 787 1709 427 14.0
1 1709 427 1845 351 14.0
2 1845 351 2055 269 14.0
27 29 17 1
0 637 946 633 927 14.0
28 17 31 1
0 633 927 615 931 13.0
29 31 32 1
0 615 931 30 1045 13.0
30 33 26 1
0 31 1063 618 948 14.0
31 26 29 1
0 618 948 637 946 14.0
32 28 34 1
0 801 1880 784 1883 6.5
33 34 35 1
0 784 1883 564 1927 6.5
34 0 36 1
0 803 1894 821 1891 6.5
35 36 37 1
0 821 1891 837 1888 6.5
36 37 13 1
0 837 1888 1695 1724 6.5
37 13 10 1
0 1695 1724 1709 1721 6.5
38 10 38 1
0 1709 1721 1966 1686 6.5
39 38 23 1
0 1966 1686 1988 1685 6.5
40 19 39 2
0 887 2121 853 2066 13.0
1 853 2066 825 1912 13.0
41 39 36 1
0 825 1912 821 1891 13.0
42 36 25 1
0 821 1891 818 1877 13.0
43 25 40 1
0 818 1877 813 1855 13.0
44 40 29 1
0 813 1855 637 946 13.0
45 25 28 1
0 818 1877 801 1880 6.5
46 28 0 1
0 801 1880 803 1894 13.0
47 31 26 1
0 615 931 618 948 14.0
48 41 42 1
0 566 1939 786 1897 6.5
49 42 0 1
0 786 1897 803 1894 6.5
50 27 40 2
0 796 1859 807 1867 14.0
1 807 1867 813 1855 14.0
51 24 37 2
0 834 1874 824 1884 14.0
1 824 1884 837 1888 14.0
52 39 1 2
0 825 1912 812 1901 14.0
1 812 1901 807 1915 14.0
53 42 34 2
0 786 1897 795 1888 14.0
1 795 1888 784 1883 14.0
54 38 6 2
0 1966 1686 1975 1678 14.0
1 1975 1678 1967 1672 14.0
55 43 31 1
0 462 82 615 931 13.0
56 24 8 1
0 834 1874 1690 1710 6.6
57 17 44 1
0 633 927 470 30 13.0
58 23 45 3
0 1988 1685 1999 1699 12.3
1 1999 1699 1999 1688 12.3
2 1999 1688 2011 1692 12.3
59 23 4 3
0 1988 1685 2014 1685 10.3
1 2014 1685 2007 1677 10.3
2 2007 1677 2019 1672 10.3
60 11 5 1
0 1458 1041 1978 1672 9.8
