46
0 0 0 0 34 46 49
1 0 0 0 1 52
2 833 2059 1
3 2080 1676 2
4 0 0 2 3 59
5 0 0 3 4 21 60
6 0 0 4 5 54
7 0 0 5 6 8 9
8 0 0 6 10 11 56
9 1787 1921 7
10 0 0 7 8 37 38
11 0 0 9 20 60
12 0 0 10 19 20
13 0 0 11 12 36 37
14 1774 1939 12
15 1935 294 13
16 0 0 13 14 17 18
17 0 0 14 27 28 57
18 932 2146 15
19 0 0 15 16 40
20 772 2100 16
21 542 259 17
22 0 0 18 19 25 26
23 0 0 21 39 58 59
24 0 0 22 51 56
25 0 0 22 42 43 45
26 0 0 23 30 31 47
27 0 0 23 24 50
28 0 0 24 32 45 46
29 0 0 25 27 31 44
30 2055 269 26
31 0 0 28 29 47 55
32 30 1045 29
33 31 1063 30
34 0 0 32 33 53
35 564 1927 33
36 0 0 34 35 41 42
37 0 0 35 36 51
38 0 0 38 39 54
39 0 0 40 41 52
40 0 0 43 44 50
41 566 1939 48
42 0 0 48 49 53
43 462 82 55
44 470 30 57
45 2011 1692 58
