53
5 6 0 1 
5 7 0 3 
5 9 0 2 5 
5 10 0 2 6 8 
5 11 0 2 6 9 
5 12 0 2 7 12 
5 13 0 2 6 10 13 
5 14 0 2 6 10 14 
6 5 1 0 
6 7 1 3 
6 9 1 2 5 
6 10 1 2 6 8 
6 11 1 2 6 9 
6 12 1 2 7 12 
6 13 1 2 6 10 13 
6 14 1 2 6 10 14 
7 5 3 0 
7 6 3 1 
7 9 3 2 5 
7 10 3 2 6 8 
7 11 3 2 6 9 
7 12 3 2 7 12 
7 13 3 2 6 10 13 
7 14 3 2 6 10 14 
8 5 4 0 
8 6 4 1 
8 7 4 3 
8 9 4 2 5 
8 10 4 2 6 8 
8 11 4 2 6 9 
8 12 4 2 7 12 
8 13 4 2 6 10 13 
8 14 4 2 6 10 14 
10 9 8 6 5 
10 11 8 9 
10 12 8 6 7 12 
10 13 8 10 13 
10 14 8 10 14 
12 9 12 7 5 
12 10 12 7 6 8 
12 11 12 7 6 9 
12 13 12 11 13 
12 14 12 11 14 
13 9 13 10 6 5 
13 10 13 10 8 
13 11 13 10 9 
13 12 13 11 12 
13 14 13 14 
14 9 14 10 6 5 
14 10 14 10 8 
14 11 14 10 9 
14 12 14 11 12 
14 13 14 13 
