0 0 1 21
0 0 2 31
0 0 3 749
0 1 0 13
0 1 2 9
0 1 3 25
0 3 0 810
0 3 1 33
0 3 2 36
1 0 3 467
1 3 0 647
2 0 3 269
2 3 0 440
3 0 3 157
3 3 0 242
4 0 3 131
4 3 0 193
5 0 3 188
5 1 0 4
5 1 2 8
5 3 0 242
6 0 1 16
6 0 2 9
6 0 3 507
6 1 0 13
6 1 2 11
6 1 3 47
6 3 0 476
6 3 1 57
6 3 2 315
7 0 1 78
7 0 2 18
7 0 3 1425
7 1 0 22
7 1 2 35
7 1 3 99
7 3 0 698
7 3 1 108
7 3 2 633
8 0 1 216
8 0 2 34
8 0 3 2502
8 1 0 77
8 1 2 98
8 1 3 272
8 3 0 942
8 3 1 217
8 3 2 707
9 0 1 324
9 0 2 45
9 0 3 2880
9 1 0 66
9 1 2 213
9 1 3 280
9 3 0 1068
9 3 1 309
9 3 2 730
10 0 1 266
10 0 2 76
10 0 3 2097
10 1 0 76
10 1 2 219
10 1 3 215
10 3 0 1062
10 3 1 293
10 3 2 888
11 0 1 255
11 0 2 109
11 0 3 1677
11 1 0 99
11 1 2 216
11 1 3 228
11 3 0 1020
11 3 1 397
11 3 2 665
12 0 1 241
12 0 2 96
12 0 3 1475
12 1 0 100
12 1 2 252
12 1 3 228
12 3 0 1024
12 3 1 258
12 3 2 608
13 0 1 241
13 0 2 103
13 0 3 1659
13 1 0 80
13 1 2 234
13 1 3 227
13 3 0 961
13 3 1 192
13 3 2 634
14 0 1 233
14 0 2 85
14 0 3 1635
14 1 0 75
14 1 2 240
14 1 3 212
14 3 0 1107
14 3 1 343
14 3 2 765
15 0 1 234
15 0 2 99
15 0 3 1683
15 1 0 115
15 1 2 301
15 1 3 254
15 3 0 1011
15 3 1 301
15 3 2 666
16 0 1 219
16 0 2 110
16 0 3 1533
16 1 0 87
16 1 2 241
16 1 3 223
16 3 0 924
16 3 1 240
16 3 2 694
17 0 1 191
17 0 2 110
17 0 3 1491
17 1 0 86
17 1 2 178
17 1 3 216
17 3 0 908
17 3 1 165
17 3 2 948
18 0 1 190
18 0 2 128
18 0 3 1494
18 1 0 75
18 1 2 255
18 1 3 215
18 3 0 985
18 3 1 173
18 3 2 953
19 0 1 154
19 0 2 123
19 0 3 1145
19 1 0 78
19 1 2 273
19 1 3 218
19 3 0 960
19 3 1 145
19 3 2 869
20 0 1 177
20 0 2 150
20 0 3 1056
20 1 0 123
20 1 2 253
20 1 3 192
20 3 0 961
20 3 1 157
20 3 2 770
21 0 1 133
21 0 2 137
21 0 3 743
21 1 0 183
21 1 2 165
21 1 3 223
21 3 0 887
21 3 1 245
21 3 2 691
22 0 1 108
22 0 2 141
22 0 3 941
22 1 0 192
22 1 2 118
22 1 3 172
22 3 0 823
22 3 1 282
22 3 2 492
23 0 1 128
23 0 2 103
23 0 3 958
23 1 0 185
23 1 2 93
23 1 3 131
23 3 0 779
23 3 1 237
23 3 2 342
