0 0 1.332
0 1 5.327
0 2 0.463
0 3 21.019
0 4 54.430
0 7 9.728
0 8 0.116
0 10 7.585
1 0 1.077
1 1 4.937
1 2 0.000
1 3 21.544
1 4 53.411
1 7 10.233
1 8 0.000
1 10 8.797
2 0 0.987
2 1 7.616
2 2 0.705
2 3 23.695
2 4 44.993
2 7 12.553
2 8 0.141
2 10 9.309
3 0 1.003
3 1 10.276
3 2 1.253
3 3 20.551
3 4 38.847
3 7 13.784
3 8 0.251
3 10 14.035
4 0 4.938
4 1 12.346
4 2 1.235
4 3 13.889
4 4 37.037
4 7 15.741
4 8 0.000
4 10 14.815
5 0 5.204
5 1 14.932
5 2 0.452
5 3 13.348
5 4 39.819
5 7 13.575
5 8 0.905
5 10 11.765
6 0 5.996
6 1 12.405
6 2 0.965
6 3 16.816
6 4 46.037
6 7 9.993
6 8 2.963
6 10 4.824
7 0 5.135
7 1 3.979
7 2 0.257
7 3 23.074
7 4 52.792
7 7 9.531
7 8 2.246
7 10 2.985
8 0 3.435
8 1 2.725
8 2 0.494
8 3 33.031
8 4 48.055
8 7 8.707
8 8 1.935
8 10 1.619
9 0 3.347
9 1 3.398
9 2 0.423
9 3 37.380
9 4 40.811
9 7 12.223
9 8 1.150
9 10 1.268
10 0 2.735
10 1 4.449
10 2 0.462
10 3 34.534
10 4 42.508
10 7 12.076
10 8 0.982
10 10 2.253
11 0 2.422
11 1 6.515
11 2 0.429
11 3 29.168
11 4 47.021
11 7 11.016
11 8 0.750
11 10 2.679
12 0 3.246
12 1 7.240
12 2 0.677
12 3 27.277
12 4 46.193
12 7 11.653
12 8 0.724
12 10 2.989
13 0 4.202
13 1 7.550
13 2 0.900
13 3 24.544
13 4 47.772
13 7 11.245
13 8 0.716
13 10 3.071
14 0 3.770
14 1 7.817
14 2 0.575
14 3 28.498
14 4 46.326
14 7 9.627
14 8 0.788
14 10 2.599
15 0 3.709
15 1 8.448
15 2 0.557
15 3 27.916
15 4 45.154
15 7 10.678
15 8 0.879
15 10 2.659
16 0 2.739
16 1 7.563
16 2 0.468
16 3 26.177
16 4 50.035
16 7 9.740
16 8 0.773
16 10 2.505
17 0 3.447
17 1 5.101
17 2 0.606
17 3 28.069
17 4 50.291
17 7 9.224
17 8 0.722
17 10 2.539
18 0 2.686
18 1 5.349
18 2 0.224
18 3 31.580
18 4 47.851
18 7 9.669
18 8 0.828
18 10 1.813
19 0 2.976
19 1 6.255
19 2 0.404
19 3 30.744
19 4 48.373
19 7 9.332
19 8 0.631
19 10 1.286
20 0 3.595
20 1 10.341
20 2 0.365
20 3 26.413
20 4 44.986
20 7 11.227
20 8 0.677
20 10 2.396
21 0 3.610
21 1 12.738
21 2 0.587
21 3 24.802
21 4 43.000
21 7 13.091
21 8 0.382
21 10 1.790
22 0 2.998
22 1 15.234
22 2 0.398
22 3 21.872
22 4 44.417
22 7 11.135
22 8 0.428
22 10 3.518
23 0 2.436
23 1 15.866
23 2 0.101
23 3 18.031
23 4 45.839
23 7 12.754
23 8 0.271
23 10 4.702
