8
0 0 1 4
0 178 29 185 59 6.5
1 185 59 178 101 6.5
2 178 101 187 138 6.5
3 187 138 187 161 6.5
1 2 3 1
0 287 526 290 526 6.5
2 3 2 1
0 290 526 287 526 19.4
3 4 5 2
0 263 471 254 433 25.3
1 254 433 255 418 25.3
4 5 1 4
0 255 418 238 373 25.3
1 238 373 224 309 25.3
2 224 309 196 208 25.3
3 196 208 187 161 25.3
5 1 6 1
0 187 161 174 119 25.3
6 2 5 3
0 287 526 276 504 6.5
1 276 504 258 442 6.5
2 258 442 255 418 6.5
7 3 7 9
0 290 526 340 678 20.3
1 340 678 387 859 20.3
2 387 859 389 881 20.3
3 389 881 385 893 20.3
4 385 893 376 905 20.3
5 376 905 339 917 20.3
6 339 917 147 965 20.3
7 147 965 96 986 20.3
8 96 986 35 1022 20.3
