6
0 0 6 6
0 750 555 696 544 14.0
1 696 544 628 551 14.0
2 628 551 569 550 14.0
3 569 550 541 523 14.0
4 541 523 516 485 14.0
5 516 485 503 482 14.0
1 1 6 5
0 747 443 693 457 14.0
1 693 457 568 464 14.0
2 568 464 540 471 14.0
3 540 471 521 481 14.0
4 521 481 492 486 14.0
2 2 6 4
0 239 476 450 470 32.0
1 450 470 479 490 32.0
2 479 490 491 504 32.0
3 491 504 497 506 32.0
3 3 6 7
0 401 748 406 728 10.0
1 406 728 397 692 10.0
2 397 692 464 646 10.0
3 464 646 461 592 10.0
4 461 592 470 544 10.0
5 470 544 487 529 10.0
6 487 529 503 519 10.0
4 4 6 4
0 706 721 598 605 12.0
1 598 605 533 548 12.0
2 533 548 526 544 12.0
3 526 544 518 504 12.0
5 5 6 4
0 493 239 505 414 22.0
1 505 414 503 429 22.0
2 503 429 507 462 22.0
3 507 462 487 504 22.0
