0 0 0.767
0 1 6.360
0 2 0.929
0 3 25.823
0 4 35.696
0 7 19.362
0 8 2.403
0 10 8.661
1 0 0.338
1 1 8.714
1 2 1.565
1 3 23.012
1 4 34.983
1 7 17.851
1 8 1.734
1 10 11.802
2 0 0.374
2 1 6.138
2 2 3.443
2 3 17.290
2 4 27.171
2 7 24.326
2 8 1.572
2 10 19.686
3 0 0.999
3 1 6.104
3 2 3.219
3 3 14.095
3 4 27.747
3 7 22.309
3 8 1.665
3 10 23.862
4 0 0.745
4 1 4.787
4 2 3.830
4 3 16.702
4 4 27.872
4 7 20.426
4 8 0.000
4 10 25.638
5 0 0.759
5 1 3.341
5 2 5.771
5 3 18.603
5 4 30.220
5 7 24.222
5 8 5.087
5 10 11.997
6 0 2.338
6 1 4.651
6 2 2.795
6 3 18.348
6 4 33.291
6 7 26.607
6 8 6.480
6 10 5.489
7 0 2.974
7 1 6.059
7 2 1.155
7 3 22.775
7 4 37.107
7 7 22.738
7 8 4.941
7 10 2.249
8 0 1.892
8 1 4.412
8 2 0.427
8 3 31.299
8 4 38.770
8 7 17.622
8 8 3.977
8 10 1.602
9 0 2.043
9 1 5.631
9 2 0.559
9 3 32.985
9 4 34.253
9 7 20.151
9 8 2.998
9 10 1.380
10 0 1.743
10 1 6.454
10 2 0.756
10 3 30.980
10 4 33.694
10 7 22.235
10 8 2.165
10 10 1.974
11 0 4.089
11 1 4.722
11 2 0.740
11 3 27.956
11 4 28.638
11 7 29.469
11 8 1.341
11 10 3.044
12 0 1.331
12 1 4.354
12 2 0.769
12 3 28.844
12 4 30.075
12 7 30.036
12 8 2.469
12 10 2.123
13 0 1.095
13 1 3.952
13 2 1.309
13 3 28.329
13 4 28.884
13 7 31.797
13 8 3.071
13 10 1.563
14 0 6.762
14 1 5.034
14 2 1.102
14 3 28.604
14 4 24.362
14 7 29.977
14 8 2.340
14 10 1.819
15 0 1.647
15 1 9.522
15 2 1.486
15 3 30.629
15 4 32.030
15 7 20.522
15 8 2.240
15 10 1.924
16 0 1.563
16 1 10.521
16 2 0.917
16 3 28.988
16 4 32.362
16 7 21.335
16 8 2.032
16 10 2.282
17 0 2.061
17 1 11.330
17 2 1.024
17 3 27.982
17 4 33.148
17 7 19.900
17 8 2.536
17 10 2.020
18 0 2.481
18 1 9.026
18 2 0.665
18 3 28.646
18 4 31.846
18 7 23.745
18 8 1.909
18 10 1.683
19 0 2.231
19 1 8.572
19 2 0.761
19 3 29.266
19 4 33.780
19 7 20.994
19 8 2.491
19 10 1.906
20 0 1.305
20 1 5.904
20 2 0.977
20 3 30.233
20 4 31.663
20 7 25.949
20 8 2.047
20 10 1.922
21 0 1.433
21 1 5.186
21 2 0.764
21 3 30.824
21 4 28.213
21 7 29.588
21 8 1.957
21 10 2.037
22 0 1.326
22 1 4.656
22 2 1.181
22 3 29.246
22 4 30.011
22 7 28.218
22 8 2.252
22 10 3.110
23 0 1.350
23 1 5.557
23 2 1.239
23 3 27.103
23 4 32.035
23 7 24.191
23 8 2.421
23 10 6.104
