0 0 1 557
0 0 2 136
0 0 3 894
0 1 0 625
0 1 2 678
0 1 3 311
0 2 0 779
0 2 1 616
0 2 3 159
0 3 0 461
0 3 1 105
0 3 2 76
1 0 1 336
1 0 2 100
1 0 3 543
1 1 0 414
1 1 2 460
1 1 3 186
1 2 0 446
1 2 1 414
1 2 3 68
1 3 0 282
1 3 1 67
1 3 2 46
2 0 1 199
2 0 2 108
2 0 3 299
2 1 0 283
2 1 2 349
2 1 3 97
2 2 0 333
2 2 1 367
2 2 3 54
2 3 0 170
2 3 1 29
2 3 2 41
3 0 1 169
3 0 2 89
3 0 3 157
3 1 0 247
3 1 2 363
3 1 3 73
3 2 0 320
3 2 1 388
3 2 3 37
3 3 0 156
3 3 1 35
3 3 2 29
4 0 1 134
4 0 2 76
4 0 3 177
4 1 0 226
4 1 2 343
4 1 3 101
4 2 0 338
4 2 1 408
4 2 3 72
4 3 0 169
4 3 1 82
4 3 2 33
5 0 1 250
5 0 2 73
5 0 3 310
5 1 0 318
5 1 2 532
5 1 3 297
5 2 0 615
5 2 1 544
5 2 3 109
5 3 0 321
5 3 1 142
5 3 2 41
6 0 1 606
6 0 2 80
6 0 3 584
6 1 0 600
6 1 2 889
6 1 3 508
6 2 0 934
6 2 1 781
6 2 3 165
6 3 0 597
6 3 1 288
6 3 2 67
7 0 1 1406
7 0 2 79
7 0 3 1210
7 1 0 685
7 1 2 786
7 1 3 939
7 2 0 1076
7 2 1 1002
7 2 3 553
7 3 0 895
7 3 1 409
7 3 2 50
8 0 1 2090
8 0 2 86
8 0 3 1629
8 1 0 662
8 1 2 1227
8 1 3 1279
8 2 0 909
8 2 1 1432
8 2 3 813
8 3 0 1229
8 3 1 346
8 3 2 87
9 0 1 1844
9 0 2 61
9 0 3 1329
9 1 0 921
9 1 2 1552
9 1 3 1441
9 2 0 691
9 2 1 1075
9 2 3 965
9 3 0 1009
9 3 1 278
9 3 2 61
10 0 1 1516
10 0 2 100
10 0 3 1246
10 1 0 768
10 1 2 1143
10 1 3 1298
10 2 0 963
10 2 1 1257
10 2 3 710
10 3 0 1567
10 3 1 417
10 3 2 104
11 0 1 1367
11 0 2 99
11 0 3 1153
11 1 0 1194
11 1 2 1666
11 1 3 1131
11 2 0 1117
11 2 1 1030
11 2 3 493
11 3 0 1450
11 3 1 334
11 3 2 73
12 0 1 1271
12 0 2 107
12 0 3 1110
12 1 0 963
12 1 2 1175
12 1 3 950
12 2 0 1198
12 2 1 1031
12 2 3 545
12 3 0 1489
12 3 1 489
12 3 2 121
13 0 1 1319
13 0 2 102
13 0 3 1142
13 1 0 974
13 1 2 1319
13 1 3 1066
13 2 0 1169
13 2 1 1147
13 2 3 433
13 3 0 1534
13 3 1 399
13 3 2 90
14 0 1 1257
14 0 2 117
14 0 3 1193
14 1 0 992
14 1 2 1327
14 1 3 1014
14 2 0 1302
14 2 1 974
14 2 3 604
14 3 0 1386
14 3 1 307
14 3 2 73
15 0 1 1309
15 0 2 173
15 0 3 1245
15 1 0 1226
15 1 2 1520
15 1 3 1136
15 2 0 1264
15 2 1 1221
15 2 3 496
15 3 0 1593
15 3 1 351
15 3 2 80
16 0 1 1445
16 0 2 216
16 0 3 1348
16 1 0 1101
16 1 2 1104
16 1 3 895
16 2 0 1312
16 2 1 1122
16 2 3 503
16 3 0 1649
16 3 1 372
16 3 2 89
17 0 1 1401
17 0 2 162
17 0 3 1226
17 1 0 1227
17 1 2 1206
17 1 3 905
17 2 0 1352
17 2 1 1106
17 2 3 568
17 3 0 1773
17 3 1 443
17 3 2 73
18 0 1 1273
18 0 2 146
18 0 3 999
18 1 0 1042
18 1 2 1039
18 1 3 748
18 2 0 1776
18 2 1 1763
18 2 3 541
18 3 0 1749
18 3 1 280
18 3 2 55
19 0 1 1400
19 0 2 172
19 0 3 1139
19 1 0 1604
19 1 2 1252
19 1 3 806
19 2 0 1732
19 2 1 1970
19 2 3 680
19 3 0 2319
19 3 1 355
19 3 2 85
20 0 1 1308
20 0 2 200
20 0 3 1204
20 1 0 1530
20 1 2 1154
20 1 3 744
20 2 0 1613
20 2 1 1359
20 2 3 555
20 3 0 1781
20 3 1 294
20 3 2 91
21 0 1 1197
21 0 2 164
21 0 3 1163
21 1 0 1028
21 1 2 771
21 1 3 663
21 2 0 1763
21 2 1 1908
21 2 3 427
21 3 0 1506
21 3 1 237
21 3 2 84
22 0 1 1008
22 0 2 145
22 0 3 1124
22 1 0 1072
22 1 2 1095
22 1 3 529
22 2 0 1187
22 2 1 976
22 2 3 366
22 3 0 1090
22 3 1 211
22 3 2 71
23 0 1 814
23 0 2 95
23 0 3 1079
23 1 0 1063
23 1 2 994
23 1 3 494
23 2 0 1217
23 2 1 1389
23 2 3 239
23 3 0 909
23 3 1 226
23 3 2 77
