0 0 0.445
0 1 0.315
0 2 0.982
0 3 24.421
0 4 35.075
0 7 22.865
0 8 0.889
0 10 15.008
1 0 0.297
1 1 0.565
1 2 1.606
1 3 21.386
1 4 30.666
1 7 21.267
1 8 0.922
1 10 23.290
2 0 0.043
2 1 0.215
2 2 3.564
2 3 16.702
2 4 24.818
2 7 22.885
2 8 0.773
2 10 31.000
3 0 0.000
3 1 0.194
3 2 5.284
3 3 10.616
3 4 25.303
3 7 19.341
3 8 0.776
3 10 38.488
4 0 0.185
4 1 0.093
4 2 4.863
4 3 10.329
4 4 26.077
4 7 24.919
4 8 1.575
4 10 31.959
5 0 0.732
5 1 0.253
5 2 2.449
5 3 11.486
5 4 31.025
5 7 31.363
5 8 3.519
5 10 19.172
6 0 1.049
6 1 0.049
6 2 1.836
6 3 18.577
6 4 39.711
6 7 28.152
6 8 3.771
6 10 6.854
7 0 0.891
7 1 0.099
7 2 0.704
7 3 27.679
7 4 46.887
7 7 18.163
7 8 2.497
7 10 3.080
8 0 1.272
8 1 0.000
8 2 0.144
8 3 38.943
8 4 40.258
8 7 14.921
8 8 2.180
8 10 2.282
9 0 0.935
9 1 0.000
9 2 0.036
9 3 37.704
9 4 40.554
9 7 16.923
9 8 1.639
9 10 2.209
10 0 2.110
10 1 0.009
10 2 0.090
10 3 39.417
10 4 35.864
10 7 18.478
10 8 1.443
10 10 2.588
11 0 0.891
11 1 0.009
11 2 0.135
11 3 39.588
11 4 34.573
11 7 19.924
11 8 1.332
11 10 3.547
12 0 0.775
12 1 0.000
12 2 0.057
12 3 41.018
12 4 33.314
12 7 19.485
12 8 1.359
12 10 3.991
13 0 0.757
13 1 0.065
13 2 0.168
13 3 39.555
13 4 34.907
13 7 19.590
13 8 1.449
13 10 3.507
14 0 1.119
14 1 0.028
14 2 0.133
14 3 38.365
14 4 34.563
14 7 20.283
14 8 1.603
14 10 3.907
15 0 0.723
15 1 0.009
15 2 0.189
15 3 38.850
15 4 33.795
15 7 20.226
15 8 1.662
15 10 4.546
16 0 0.789
16 1 0.027
16 2 0.260
16 3 38.598
16 4 34.591
16 7 19.595
16 8 1.407
16 10 4.733
17 0 0.909
17 1 0.087
17 2 0.157
17 3 42.571
17 4 34.810
17 7 15.967
17 8 2.106
17 10 3.391
18 0 0.885
18 1 0.000
18 2 0.149
18 3 46.797
18 4 32.267
18 7 15.135
18 8 1.674
18 10 3.094
19 0 1.154
19 1 0.030
19 2 0.081
19 3 45.989
19 4 31.737
19 7 16.087
19 8 1.524
19 10 3.396
20 0 1.073
20 1 0.051
20 2 0.169
20 3 45.162
20 4 31.623
20 7 17.020
20 8 1.158
20 10 3.744
21 0 0.742
21 1 0.027
21 2 0.202
21 3 40.849
21 4 34.213
21 7 17.890
21 8 1.256
21 10 4.821
22 0 0.755
22 1 0.417
22 2 0.507
22 3 42.168
22 4 28.747
22 7 20.115
22 8 1.161
22 10 6.130
23 0 0.849
23 1 0.186
23 2 0.756
23 3 36.854
23 4 31.503
23 7 19.765
23 8 1.128
23 10 8.958
