0 0 1 621
0 0 2 60
0 0 3 235
0 1 0 781
0 1 2 144
0 1 3 566
0 2 3 357
0 3 2 266
1 0 1 460
1 0 2 30
1 0 3 147
1 1 0 822
1 1 2 80
1 1 3 395
1 2 3 201
1 3 2 165
2 0 1 403
2 0 2 26
2 0 3 109
2 1 0 650
2 1 2 59
2 1 3 251
2 2 3 103
2 3 2 93
3 0 1 431
3 0 2 22
3 0 3 100
3 1 0 598
3 1 2 38
3 1 3 180
3 2 3 84
3 3 2 79
4 0 1 428
4 0 2 40
4 0 3 94
4 1 0 486
4 1 2 55
4 1 3 131
4 2 3 136
4 3 2 113
5 0 1 447
5 0 2 62
5 0 3 185
5 1 0 538
5 1 2 103
5 1 3 307
5 2 3 258
5 3 2 265
6 0 1 594
6 0 2 116
6 0 3 324
6 1 0 653
6 1 2 188
6 1 3 523
6 2 3 340
6 3 2 413
7 0 1 1000
7 0 2 282
7 0 3 488
7 1 0 695
7 1 2 322
7 1 3 559
7 2 3 480
7 3 2 729
8 0 1 976
8 0 2 450
8 0 3 769
8 1 0 559
8 1 2 474
8 1 3 810
8 2 3 672
8 3 2 1347
9 0 1 365
9 0 2 448
9 0 3 569
9 1 0 488
9 1 2 562
9 1 3 713
9 2 3 897
9 3 2 1309
10 0 1 644
10 0 2 495
10 0 3 691
10 1 0 563
10 1 2 578
10 1 3 807
10 2 3 671
10 3 2 1190
11 0 1 821
11 0 2 244
11 0 3 620
11 1 0 816
11 1 2 506
11 1 3 1289
11 2 3 650
11 3 2 974
12 0 1 1032
12 0 2 220
12 0 3 579
12 1 0 766
12 1 2 392
12 1 3 1030
12 2 3 563
12 3 2 1178
13 0 1 1028
13 0 2 418
13 0 3 761
13 1 0 904
13 1 2 575
13 1 3 1049
13 2 3 536
13 3 2 1058
14 0 1 401
14 0 2 472
14 0 3 680
14 1 0 690
14 1 2 508
14 1 3 733
14 2 3 554
14 3 2 1042
15 0 1 254
15 0 2 561
15 0 3 583
15 1 0 401
15 1 2 580
15 1 3 602
15 2 3 558
15 3 2 1139
16 0 1 286
16 0 2 442
16 0 3 591
16 1 0 866
16 1 2 559
16 1 3 748
16 2 3 712
16 3 2 1167
17 0 1 128
17 0 2 284
17 0 3 401
17 1 0 686
17 1 2 425
17 1 3 601
17 2 3 635
17 3 2 1053
18 0 1 201
18 0 2 249
18 0 3 327
18 1 0 408
18 1 2 268
18 1 3 353
18 2 3 609
18 3 2 694
19 0 1 353
19 0 2 109
19 0 3 315
19 1 0 420
19 1 2 132
19 1 3 380
19 2 3 554
19 3 2 651
20 0 1 270
20 0 2 143
20 0 3 247
20 1 0 513
20 1 2 421
20 1 3 724
20 2 3 601
20 3 2 954
21 0 1 370
21 0 2 241
21 0 3 317
21 1 0 803
21 1 2 539
21 1 3 707
21 2 3 488
21 3 2 803
22 0 1 566
22 0 2 124
22 0 3 210
22 1 0 604
22 1 2 416
22 1 3 702
22 2 3 437
22 3 2 404
23 0 1 384
23 0 2 131
23 0 3 251
23 1 0 350
23 1 2 216
23 1 3 415
23 2 3 365
23 3 2 436
