0 0 0.231
0 1 2.145
0 2 1.155
0 3 17.789
0 4 32.211
0 7 22.277
0 8 1.287
0 10 22.904
1 0 0.043
1 1 1.478
1 2 1.348
1 3 11.261
1 4 23.783
1 7 19.826
1 8 1.348
1 10 40.913
2 0 0.059
2 1 1.240
2 2 2.066
2 3 9.445
2 4 22.491
2 7 17.946
2 8 0.708
2 10 46.045
3 0 0.065
3 1 1.958
3 2 1.828
3 3 6.070
3 4 21.671
3 7 18.930
3 8 2.219
3 10 47.258
4 0 0.337
4 1 2.158
4 2 2.293
4 3 5.866
4 4 23.331
4 7 23.466
4 8 1.888
4 10 40.661
5 0 0.323
5 1 3.464
5 2 2.494
5 3 10.531
5 4 30.208
5 7 30.208
5 8 2.032
5 10 20.739
6 0 1.047
6 1 3.713
6 2 1.650
6 3 14.852
6 4 38.020
6 7 30.625
6 8 2.253
6 10 7.839
7 0 0.417
7 1 2.788
7 2 1.120
7 3 11.043
7 4 52.184
7 7 26.674
7 8 1.427
7 10 4.347
8 0 0.644
8 1 1.717
8 2 0.462
8 3 19.085
8 4 51.643
8 7 22.057
8 8 1.981
8 10 2.410
9 0 0.785
9 1 1.308
9 2 0.280
9 3 23.939
9 4 49.766
9 7 20.837
9 8 0.916
9 10 2.168
10 0 0.763
10 1 2.217
10 2 0.160
10 3 19.188
10 4 50.700
10 7 23.568
10 8 0.638
10 10 2.766
11 0 0.456
11 1 2.230
11 2 0.270
11 3 19.020
11 4 50.625
11 7 23.142
11 8 0.693
11 10 3.564
12 0 0.451
12 1 2.917
12 2 0.538
12 3 19.792
12 4 48.021
12 7 23.611
12 8 0.503
12 10 4.167
13 0 0.442
13 1 3.966
13 2 0.427
13 3 18.850
13 4 48.823
13 7 22.768
13 8 0.679
13 10 4.045
14 0 0.571
14 1 3.642
14 2 0.335
14 3 17.461
14 4 50.472
14 7 22.283
14 8 0.906
14 10 4.331
15 0 0.534
15 1 2.736
15 2 0.299
15 3 20.735
15 4 51.261
15 7 20.329
15 8 0.513
15 10 3.591
16 0 0.987
16 1 2.625
16 2 0.633
16 3 17.632
16 4 50.400
16 7 22.733
16 8 0.614
16 10 4.375
17 0 0.570
17 1 2.136
17 2 0.119
17 3 24.519
17 4 48.089
17 7 18.728
17 8 1.567
17 10 4.272
18 0 0.643
18 1 1.640
18 2 0.257
18 3 26.246
18 4 46.446
18 7 19.331
18 8 1.480
18 10 3.956
19 0 0.515
19 1 1.922
19 2 0.069
19 3 23.919
19 4 52.334
19 7 15.305
19 8 2.025
19 10 3.912
20 0 0.516
20 1 1.730
20 2 0.284
20 3 23.315
20 4 49.987
20 7 16.860
20 8 1.446
20 10 5.861
21 0 0.305
21 1 2.976
21 2 0.375
21 3 21.907
21 4 47.657
21 7 19.072
21 8 1.359
21 10 6.350
22 0 0.058
22 1 3.263
22 2 0.202
22 3 19.463
22 4 46.463
22 7 16.489
22 8 2.137
22 10 11.926
23 0 0.196
23 1 2.473
23 2 0.235
23 3 12.991
23 4 43.956
23 7 16.758
23 8 2.590
23 10 20.801
