302
5 2 33
5 10 33
5 11 33
5 29 33
5 56 33
5 73 33
5 88 33
5 93 33
5 108 33
5 112 33
5 122 33
5 134 33
5 138 33
5 142 33
5 150 33
5 152 33
5 153 33
11 2 33
11 10 33
11 29 33
11 56 33
11 73 33
11 88 33
11 93 33
11 108 33
11 112 33
11 122 33
11 134 33
11 138 33
11 142 33
11 150 33
11 152 33
11 153 33
29 2 33
29 10 33
29 11 33
29 56 33
29 73 33
29 88 33
29 93 33
29 108 33
29 112 33
29 122 33
29 134 33
29 138 33
29 142 33
29 150 33
29 152 33
29 153 33
44 2 33
44 10 33
44 11 33
44 29 33
44 56 33
44 73 33
44 88 33
44 93 33
44 108 33
44 112 33
44 122 33
44 134 33
44 138 33
44 142 33
44 150 33
44 152 33
44 153 33
57 153 33
76 2 33
76 10 33
76 11 33
76 29 33
76 56 33
76 73 33
76 88 33
76 93 33
76 108 33
76 112 33
76 122 33
76 134 33
76 138 33
76 142 33
76 150 33
76 152 33
76 153 33
95 2 33
95 10 33
95 11 33
95 29 33
95 56 33
95 73 33
95 88 33
95 93 33
95 108 33
95 112 33
95 122 33
95 134 33
95 138 33
95 142 33
95 150 33
95 152 33
95 153 33
99 2 33
99 10 33
99 11 33
99 29 33
99 56 33
99 73 33
99 88 33
99 93 33
99 108 33
99 112 33
99 122 33
99 134 33
99 138 33
99 142 33
99 150 33
99 152 33
99 153 33
108 2 33
108 10 33
108 11 33
108 29 33
108 56 33
108 73 33
108 88 33
108 93 33
108 112 33
108 122 33
108 134 33
108 138 33
108 142 33
108 150 33
108 152 33
108 153 33
116 2 33
116 10 33
116 11 33
116 29 33
116 56 33
116 73 33
116 88 33
116 93 33
116 108 33
116 112 33
116 122 33
116 134 33
116 138 33
116 142 33
116 150 33
116 152 33
116 153 33
123 2 33
123 10 33
123 11 33
123 29 33
123 56 33
123 73 33
123 88 33
123 93 33
123 108 33
123 112 33
123 122 33
123 134 33
123 138 33
123 142 33
123 150 33
123 152 33
123 153 33
124 2 33
124 10 33
124 11 33
124 29 33
124 56 33
124 73 33
124 88 33
124 93 33
124 108 33
124 112 33
124 122 33
124 134 33
124 138 33
124 142 33
124 150 33
124 152 33
124 153 33
127 2 33
127 10 33
127 11 33
127 29 33
127 56 33
127 73 33
127 88 33
127 93 33
127 108 33
127 112 33
127 122 33
127 134 33
127 138 33
127 142 33
127 150 33
127 152 33
127 153 33
131 2 33
131 10 33
131 11 33
131 29 33
131 56 33
131 73 33
131 88 33
131 93 33
131 108 33
131 112 33
131 122 33
131 134 33
131 138 33
131 142 33
131 150 33
131 152 33
131 153 33
142 2 33
142 10 33
142 11 33
142 29 33
142 56 33
142 73 33
142 88 33
142 93 33
142 108 33
142 112 33
142 122 33
142 134 33
142 138 33
142 150 33
142 152 33
142 153 33
150 2 33
150 10 33
150 11 33
150 29 33
150 56 33
150 73 33
150 88 33
150 93 33
150 108 33
150 112 33
150 122 33
150 134 33
150 138 33
150 142 33
150 152 33
150 153 33
151 2 33
151 10 33
151 11 33
151 29 33
151 56 33
151 73 33
151 88 33
151 93 33
151 108 33
151 112 33
151 122 33
151 134 33
151 138 33
151 142 33
151 150 33
151 152 33
151 153 33
152 2 33
152 10 33
152 11 33
152 29 33
152 56 33
152 73 33
152 88 33
152 93 33
152 108 33
152 112 33
152 122 33
152 134 33
152 138 33
152 142 33
152 150 33
152 153 33
154 2 33
154 10 33
154 11 33
154 29 33
154 56 33
154 73 33
154 88 33
154 93 33
154 108 33
154 112 33
154 115 33
154 122 33
154 134 33
154 138 33
154 142 33
154 150 33
154 152 33
154 153 33
