14
0 0 1 1
0 160 154 132 336 6.5
1 2 3 3
0 163 138 731 168 18.0
1 731 168 1117 221 18.0
2 1117 221 1566 214 18.0
2 4 2 1
0 180 30 163 138 6.5
3 2 0 1
0 163 138 160 154 6.5
4 5 6 1
0 94 465 117 277 6.5
5 6 7 1
0 117 277 134 161 6.5
6 1 5 1
0 132 336 94 465 6.5
7 8 0 3
0 1508 221 1144 231 18.0
1 1144 231 739 180 18.0
2 739 180 160 154 18.0
8 0 7 1
0 160 154 134 161 18.0
9 9 5 3
0 364 1130 211 888 6.5
1 211 888 150 769 6.5
2 150 769 94 465 6.5
10 2 7 2
0 163 138 138 140 12.8
1 138 140 134 161 12.8
11 6 10 3
0 117 277 87 440 9.8
1 87 440 68 456 9.8
2 68 456 31 455 9.8
12 11 1 6
0 389 1141 355 1053 6.5
1 355 1053 290 987 6.5
2 290 987 228 898 6.5
3 228 898 159 753 6.5
4 159 753 111 490 6.5
5 111 490 132 336 6.5
13 12 5 1
0 30 476 94 465 9.8
