155
0 0 0 0 14 53 54
1 0 0 0 1 56 57
2 3099 1618 1
3 0 0 2 145 219
4 0 0 2 144 197
5 3099 1376 3
6 0 0 3 61 62
7 0 0 4 42 202
8 0 0 4 19 20
9 0 0 5 9 22 26
10 190 1251 5
11 1737 1851 6
12 0 0 6 183 184
13 0 0 7 105 106
14 0 0 7 8 121 124
15 0 0 8 40 129 203
16 0 0 9 86 87 198
17 0 0 10 132 138
18 0 0 10 133 140 141
19 0 0 11 128 154 213
20 0 0 11 12 134 135
21 0 0 12 18 200
22 0 0 13 32 187
23 0 0 13 174 175
24 0 0 14 43 44
25 0 0 15 47 48
26 0 0 15 172 173 215
27 0 0 16 175 192 195
28 0 0 16 147 199
29 2243 1851 17
30 0 0 17 119 120
31 0 0 18 19 118
32 0 0 20 150 188
33 0 0 21 103 104
34 0 0 21 22 98 110
35 0 0 23 146 147
36 0 0 23 178 182 183
37 0 0 24 80 149
38 0 0 24 33 148
39 0 0 25 163 164 207
40 0 0 25 26 29 30
41 0 0 27 82 83 201
42 0 0 27 28 74 75
43 0 0 28 144 145
44 120 1851 29
45 0 0 30 31 110 111
46 0 0 31 157 158
47 0 0 32 34 35
48 0 0 33 92 93
49 0 0 34 189 190
50 0 0 35 36 80
51 0 0 36 37 149
52 0 0 37 108 109
53 0 0 38 191 200
54 0 0 38 39 122 123
55 0 0 39 78 152 153
56 1376 30 40
57 30 408 41
58 0 0 41 168 211
59 0 0 42 43 118
60 0 0 44 45 95
61 0 0 45 46 119
62 0 0 46 47 120
63 0 0 48 51 202
64 0 0 49 139 140
65 0 0 49 133 134
66 0 0 50 193 194
67 0 0 50 51 171 172
68 0 0 52 107 108
69 0 0 52 190 191
70 0 0 53 59 95 113
71 0 0 54 63 64
72 0 0 55 60 61
73 3099 1361 55
74 0 0 56 62 63
75 0 0 57 58 59 96
76 3099 1630 58
77 0 0 60 138 204
78 0 0 64 139 204
79 0 0 65 70 116
80 0 0 65 66 74
81 0 0 66 67 84
82 0 0 67 68 81
83 0 0 68 69 218
84 0 0 69 70 71
85 0 0 71 72 73
86 0 0 72 117 209
87 0 0 73 115 116 197
88 2787 30 75
89 0 0 76 114 129 130
90 0 0 76 77 123 124
91 0 0 77 106 107
92 0 0 78 79 130 131
93 1767 30 79
94 0 0 81 151 218
95 2799 30 82
96 0 0 83 84 151
97 0 0 85 137 141 206
98 0 0 85 132 209
99 185 1247 86
100 0 0 87 97 98 102
101 0 0 88 205 219
102 0 0 88 101 217
103 0 0 89 109 210
104 0 0 89 159 160
105 0 0 90 158 159
106 0 0 90 103 210
107 0 0 91 155 156
108 1093 1851 91
109 0 0 92 176 179
110 0 0 93 94 148
111 0 0 94 160 161
112 2668 1851 96
113 0 0 97 121 167
114 0 0 99 165 212
115 560 30 99
116 568 30 100
117 0 0 100 165 166
118 0 0 101 126 127
119 0 0 102 104 105
120 0 0 111 162 163 208
121 0 0 112 168 198
122 30 419 112
123 2658 1851 113
124 1384 30 114
125 0 0 115 117 205 206
126 0 0 122 135 153 154
127 1786 30 125
128 0 0 125 126 217
129 0 0 127 128 136 137
130 0 0 131 136 152 213
131 1376 1851 142
132 0 0 142 155 214
133 0 0 143 161 214
134 1396 1851 143
135 0 0 146 177 181 182
136 0 0 150 169 187
137 0 0 156 157 162
138 125 1851 164
139 0 0 166 167 203
140 0 0 169 188 189
141 0 0 170 215 216
142 2113 1851 170
143 0 0 171 194 199
144 0 0 173 193 216
145 0 0 174 192 196
146 0 0 176 177 185 186
147 0 0 178 179 184 185
148 0 0 180 181 186
149 0 0 180 195 196
150 3099 70 201
151 842 1851 207
152 852 1851 208
153 429 30 211
154 441 30 212
