132
0 4 90
0 5 90
0 9 90
0 10 90
0 12 90
0 13 90
0 15 90
0 16 90
0 17 90
0 18 90
0 19 90
4 0 90
4 5 90
4 9 90
4 10 90
4 12 90
4 13 90
4 15 90
4 16 90
4 17 90
4 18 90
4 19 90
5 0 90
5 4 90
5 9 90
5 10 90
5 12 90
5 13 90
5 15 90
5 16 90
5 17 90
5 18 90
5 19 90
9 0 90
9 4 90
9 5 90
9 10 90
9 12 90
9 13 90
9 15 90
9 16 90
9 17 90
9 18 90
9 19 90
10 0 90
10 4 90
10 5 90
10 9 90
10 12 90
10 13 90
10 15 90
10 16 90
10 17 90
10 18 90
10 19 90
12 0 90
12 4 90
12 5 90
12 9 90
12 10 90
12 13 90
12 15 90
12 16 90
12 17 90
12 18 90
12 19 90
13 0 90
13 4 90
13 5 90
13 9 90
13 10 90
13 12 90
13 15 90
13 16 90
13 17 90
13 18 90
13 19 90
15 0 90
15 4 90
15 5 90
15 9 90
15 10 90
15 12 90
15 13 90
15 16 90
15 17 90
15 18 90
15 19 90
16 0 90
16 4 90
16 5 90
16 9 90
16 10 90
16 12 90
16 13 90
16 15 90
16 17 90
16 18 90
16 19 90
17 0 90
17 4 90
17 5 90
17 9 90
17 10 90
17 12 90
17 13 90
17 15 90
17 16 90
17 18 90
17 19 90
18 0 90
18 4 90
18 5 90
18 9 90
18 10 90
18 12 90
18 13 90
18 15 90
18 16 90
18 17 90
18 19 90
19 0 90
19 4 90
19 5 90
19 9 90
19 10 90
19 12 90
19 13 90
19 15 90
19 16 90
19 17 90
19 18 90
