15
0 0 5 2
0 1286 427 1303 163 24.7
1 1303 163 1297 68 24.7
1 0 6 6
0 1286 427 1452 435 18.9
1 1452 435 1603 490 18.9
2 1603 490 1658 551 18.9
3 1658 551 1767 765 18.9
4 1767 765 1812 827 18.9
5 1812 827 1956 894 18.9
2 0 1 2
0 1286 427 1253 650 18.8
1 1253 650 1263 1033 18.8
3 0 2 1
0 1286 427 783 355 19.7
4 1 7 4
0 1263 1033 1357 1119 15.2
1 1357 1119 1699 1499 15.2
2 1699 1499 1733 1552 15.2
3 1733 1552 1755 1603 15.2
5 1 3 6
0 1263 1033 1168 1027 7.9
1 1168 1027 1080 987 7.9
2 1080 987 838 973 7.9
3 838 973 744 990 7.9
4 744 990 388 1039 7.9
5 388 1039 187 1064 7.9
6 2 8 2
0 783 355 847 183 14.0
1 847 183 875 37 14.0
7 2 4 7
0 783 355 719 490 14.5
1 719 490 431 904 14.5
2 431 904 388 1039 14.5
3 388 1039 378 1156 14.5
4 378 1156 423 1327 14.5
5 423 1327 484 1428 14.5
6 484 1428 645 1614 14.5
8 2 9 1
0 783 355 583 326 18.4
9 3 10 4
0 187 1064 249 1283 16.0
1 249 1283 275 1505 16.0
2 275 1505 316 1670 16.0
3 316 1670 344 1753 16.0
10 3 11 1
0 187 1064 30 1075 18.1
11 3 12 1
0 187 1064 72 634 9.8
12 13 3 2
0 81 616 132 832 9.8
1 132 832 187 1064 9.8
13 4 14 2
0 645 1614 900 1505 12.0
1 900 1505 935 1454 12.0
14 4 15 2
0 645 1614 436 1662 25.2
1 436 1662 316 1670 25.2
