15
0 0 5 5
0 1285 429 1280 365 24.7
1 1280 365 1281 325 24.7
2 1281 325 1286 212 24.7
3 1286 212 1293 158 24.7
4 1293 158 1287 73 24.7
1 0 6 12
0 1285 429 1340 430 18.9
1 1340 430 1405 427 18.9
2 1405 427 1456 430 18.9
3 1456 430 1535 455 18.9
4 1535 455 1604 484 18.9
5 1604 484 1637 514 18.9
6 1637 514 1662 548 18.9
7 1662 548 1771 763 18.9
8 1771 763 1800 809 18.9
9 1800 809 1814 824 18.9
10 1814 824 1891 862 18.9
11 1891 862 1957 890 18.9
2 0 1 4
0 1285 429 1262 650 18.8
1 1262 650 1261 841 18.8
2 1261 841 1267 977 18.8
3 1267 977 1266 1033 18.8
3 0 2 3
0 1285 429 1188 427 19.7
1 1188 427 877 378 19.7
2 877 378 782 358 19.7
4 1 7 5
0 1266 1033 1370 1122 15.2
1 1370 1122 1692 1479 15.2
2 1692 1479 1708 1500 15.2
3 1708 1500 1732 1551 15.2
4 1732 1551 1762 1598 15.2
5 1 3 7
0 1266 1033 1170 1027 7.9
1 1170 1027 1082 987 7.9
2 1082 987 1003 984 7.9
3 1003 984 884 971 7.9
4 884 971 860 971 7.9
5 860 971 394 1041 7.9
6 394 1041 187 1064 7.9
6 2 8 3
0 782 358 798 296 14.0
1 798 296 840 184 14.0
2 840 184 869 36 14.0
7 2 4 13
0 782 358 724 490 14.5
1 724 490 685 553 14.5
2 685 553 501 806 14.5
3 501 806 438 905 14.5
4 438 905 405 993 14.5
5 405 993 388 1086 14.5
6 388 1086 383 1155 14.5
7 383 1155 388 1185 14.5
8 388 1185 409 1270 14.5
9 409 1270 430 1328 14.5
10 430 1328 462 1383 14.5
11 462 1383 492 1428 14.5
12 492 1428 647 1611 14.5
8 2 9 1
0 782 358 582 331 18.4
9 3 10 6
0 187 1064 259 1285 16.0
1 259 1285 270 1350 16.0
2 270 1350 284 1508 16.0
3 284 1508 315 1630 16.0
4 315 1630 327 1692 16.0
5 327 1692 347 1752 16.0
10 3 11 2
0 187 1064 125 1076 18.1
1 125 1076 30 1081 18.1
11 3 12 3
0 187 1064 112 776 9.8
1 112 776 91 739 9.8
2 91 739 68 636 9.8
12 13 3 4
0 85 615 126 793 9.8
1 126 793 145 862 9.8
2 145 862 143 904 9.8
3 143 904 187 1064 9.8
13 4 14 5
0 647 1611 702 1580 12.0
1 702 1580 775 1549 12.0
2 775 1549 839 1517 12.0
3 839 1517 897 1499 12.0
4 897 1499 930 1451 12.0
14 4 15 4
0 647 1611 588 1635 25.2
1 588 1635 493 1658 25.2
2 493 1658 437 1669 25.2
3 437 1669 317 1679 25.2
