302
5 2 3 62 56 1 
5 10 3 62 63 64 139 49 134 135 122 123 124 121 97 98 22 5 
5 11 3 62 56 57 59 95 45 46 47 15 173 193 194 199 147 23 183 6 
5 29 3 62 56 57 59 95 45 119 17 
5 56 3 62 63 64 139 49 134 135 122 123 124 8 40 
5 73 3 62 63 64 204 60 55 
5 88 3 62 63 64 139 140 141 206 115 116 65 74 75 
5 93 3 62 63 64 139 49 134 135 153 78 79 
5 108 3 62 63 64 139 49 134 135 122 123 77 107 108 109 89 160 161 214 155 91 
5 112 3 62 56 57 96 
5 122 3 62 63 64 139 49 134 135 122 123 124 121 97 98 22 9 198 112 
5 134 3 62 63 64 139 49 134 135 122 123 77 107 108 109 89 160 161 143 
5 138 3 62 63 64 139 49 134 135 122 123 124 121 97 98 110 111 163 164 
5 142 3 62 56 57 59 95 45 46 47 15 215 170 
5 150 3 62 63 64 139 140 141 206 115 116 65 74 27 201 
5 152 3 62 63 64 139 49 134 135 122 123 124 121 97 98 110 111 208 
5 153 3 62 63 64 139 49 134 135 122 123 124 121 97 98 22 9 198 168 211 
11 2 6 184 185 177 146 147 199 171 51 202 42 43 14 0 1 
11 10 6 184 179 92 33 24 149 37 109 210 103 21 22 5 
11 29 6 184 185 177 146 147 199 171 51 202 42 43 44 45 119 17 
11 56 6 184 179 92 33 24 149 37 109 210 103 104 105 7 8 40 
11 73 6 184 185 177 146 147 199 171 51 202 42 43 14 54 64 204 60 55 
11 88 6 184 185 177 146 147 199 171 51 202 42 43 14 54 64 139 140 141 206 115 116 65 74 75 
11 93 6 184 185 186 180 196 174 13 187 169 189 190 191 38 39 78 79 
11 108 6 184 179 92 93 94 161 214 155 91 
11 112 6 184 185 177 146 147 199 171 51 202 42 43 14 0 57 96 
11 122 6 184 179 92 33 24 149 37 109 210 103 21 22 9 198 112 
11 134 6 184 179 92 93 94 161 143 
11 138 6 184 179 92 93 94 161 214 155 156 162 163 164 
11 142 6 184 185 177 146 147 199 171 172 215 170 
11 150 6 184 185 177 146 147 199 171 51 202 42 43 14 54 64 139 140 141 206 115 116 65 74 27 201 
11 152 6 184 179 92 93 94 161 214 155 156 162 208 
11 153 6 184 179 92 33 24 149 37 109 210 103 21 22 9 198 168 211 
29 2 17 120 47 48 202 42 43 14 0 1 
29 10 17 120 47 48 202 4 19 18 200 38 123 124 121 97 98 22 5 
29 11 17 120 47 15 173 193 194 199 147 23 183 6 
29 56 17 120 47 48 202 4 19 18 200 38 123 124 8 40 
29 73 17 120 47 48 202 42 43 14 54 64 204 60 55 
29 88 17 120 47 48 202 42 43 14 54 64 139 140 141 206 115 116 65 74 75 
29 93 17 120 47 48 202 4 19 18 200 38 39 78 79 
29 108 17 120 47 48 202 4 20 150 187 32 35 80 24 148 94 161 214 155 91 
29 112 17 120 47 48 202 42 43 14 0 57 96 
29 122 17 120 47 48 202 4 19 18 200 38 123 124 121 97 98 22 9 198 112 
29 134 17 120 47 48 202 4 20 150 187 32 35 80 24 148 94 161 143 
29 138 17 120 47 48 202 4 19 18 200 38 123 124 121 97 98 110 111 163 164 
29 142 17 120 47 15 215 170 
29 150 17 120 47 48 202 42 43 14 54 64 139 140 141 206 115 116 65 74 27 201 
29 152 17 120 47 48 202 4 19 18 200 38 123 124 121 97 98 110 111 208 
29 153 17 120 47 48 202 4 19 18 200 38 123 124 121 97 98 22 9 198 168 211 
44 2 29 26 9 87 102 105 106 107 52 191 200 18 118 43 14 0 1 
44 10 29 26 5 
44 11 29 30 31 158 159 160 94 93 92 176 177 182 183 6 
44 29 29 26 9 87 102 105 106 107 52 191 200 18 118 43 44 45 119 17 
44 56 29 26 9 87 102 105 7 8 40 
44 73 29 26 9 87 102 105 7 8 129 130 131 136 137 85 132 138 60 55 
44 88 29 26 9 87 102 105 7 8 129 130 131 136 137 206 115 116 65 74 75 
44 93 29 26 9 87 102 105 7 8 129 130 79 
44 108 29 30 31 158 159 160 161 214 155 91 
44 112 29 26 9 87 102 105 106 107 52 191 200 18 118 43 14 0 57 96 
44 122 29 26 9 198 112 
44 134 29 30 31 158 159 160 161 143 
44 138 29 30 111 163 164 
44 142 29 30 31 158 159 160 94 93 92 176 177 146 147 199 171 172 215 170 
44 150 29 26 9 87 102 105 7 8 129 130 131 136 137 206 115 116 65 74 27 201 
44 152 29 30 111 208 
44 153 29 26 9 198 168 211 
57 153 41 211 
76 2 58 59 53 0 1 
76 10 58 59 53 54 64 139 49 134 135 122 123 124 121 97 98 22 5 
76 11 58 59 95 45 46 47 15 173 193 194 199 147 23 183 6 
76 29 58 59 95 45 119 17 
76 56 58 59 53 54 64 139 49 134 135 122 123 124 8 40 
76 73 58 59 53 54 64 204 60 55 
76 88 58 59 53 54 64 139 140 141 206 115 116 65 74 75 
76 93 58 59 53 54 64 139 49 134 135 153 78 79 
76 108 58 59 53 54 64 139 49 134 135 122 123 77 107 108 109 89 160 161 214 155 91 
76 112 58 96 
76 122 58 59 53 54 64 139 49 134 135 122 123 124 121 97 98 22 9 198 112 
76 134 58 59 53 54 64 139 49 134 135 122 123 77 107 108 109 89 160 161 143 
76 138 58 59 53 54 64 139 49 134 135 122 123 124 121 97 98 110 111 163 164 
76 142 58 59 95 45 46 47 15 215 170 
76 150 58 59 53 54 64 139 140 141 206 115 116 65 74 27 201 
76 152 58 59 53 54 64 139 49 134 135 122 123 124 121 97 98 110 111 208 
76 153 58 59 53 54 64 139 49 134 135 122 123 124 121 97 98 22 9 198 168 211 
95 2 82 27 28 144 197 73 72 209 132 138 60 61 62 56 1 
95 10 82 27 28 144 197 73 72 209 132 10 133 134 135 122 123 124 121 97 98 22 5 
95 11 82 27 28 144 197 73 72 209 132 10 133 134 12 200 191 190 34 32 13 175 16 147 23 183 6 
95 29 82 27 28 144 197 73 72 209 132 10 133 134 12 18 118 43 44 45 119 17 
95 56 82 27 28 144 197 73 72 209 132 10 133 134 135 122 123 124 8 40 
95 73 82 27 28 144 197 73 72 209 132 138 60 55 
95 88 82 27 75 
95 93 82 27 28 144 197 73 72 209 132 10 133 134 135 153 78 79 
95 108 82 27 28 144 197 73 72 209 132 10 133 134 135 122 123 77 107 108 109 89 160 161 214 155 91 
95 112 82 27 28 144 197 73 72 209 132 138 60 61 62 56 57 96 
95 122 82 27 28 144 197 73 72 209 132 10 133 134 135 122 123 124 121 97 98 22 9 198 112 
95 134 82 27 28 144 197 73 72 209 132 10 133 134 135 122 123 77 107 108 109 89 160 161 143 
95 138 82 27 28 144 197 73 72 209 132 10 133 134 135 122 123 124 121 97 98 110 111 163 164 
95 142 82 27 28 144 197 73 72 209 132 10 133 134 12 18 118 43 44 45 46 47 15 215 170 
95 150 82 201 
95 152 82 27 28 144 197 73 72 209 132 10 133 134 135 122 123 124 121 97 98 110 111 208 
95 153 82 27 28 144 197 73 72 209 132 10 133 134 135 122 123 124 121 97 98 22 9 198 168 211 
99 2 86 87 102 105 106 107 52 191 200 18 118 43 14 0 1 
99 10 86 87 98 22 5 
99 11 86 87 98 110 31 158 159 160 94 93 92 176 177 182 183 6 
99 29 86 87 102 105 106 107 52 191 200 18 118 43 44 45 119 17 
99 56 86 87 102 105 7 8 40 
99 73 86 87 102 105 7 8 129 130 131 136 137 85 132 138 60 55 
99 88 86 87 102 105 7 8 129 130 131 136 137 206 115 116 65 74 75 
99 93 86 87 102 105 7 8 129 130 79 
99 108 86 87 98 110 31 158 159 160 161 214 155 91 
99 112 86 87 102 105 106 107 52 191 200 18 118 43 14 0 57 96 
99 122 86 198 112 
99 134 86 87 98 110 31 158 159 160 161 143 
99 138 86 87 98 110 111 163 164 
99 142 86 87 102 105 106 107 52 190 34 32 13 175 16 199 171 172 215 170 
99 150 86 87 102 105 7 8 129 130 131 136 137 206 115 116 65 74 27 201 
99 152 86 87 98 110 111 208 
99 153 86 198 168 211 
108 2 91 156 157 158 90 103 104 105 106 107 52 191 200 18 118 43 14 0 1 
108 10 91 156 162 163 25 26 5 
108 11 91 156 157 158 159 160 94 93 92 176 177 182 183 6 
108 29 91 156 157 158 90 103 104 105 106 107 52 191 200 18 118 43 44 45 119 17 
108 56 91 156 157 158 90 103 104 105 7 8 40 
108 73 91 156 157 158 90 103 104 105 7 8 129 130 131 136 137 85 132 138 60 55 
108 88 91 156 157 158 90 103 104 105 7 8 129 130 131 136 137 206 115 116 65 74 75 
108 93 91 156 157 158 90 103 104 105 7 8 129 130 79 
108 112 91 156 157 158 90 103 104 105 106 107 52 191 200 18 118 43 14 0 57 96 
108 122 91 156 162 163 25 26 9 198 112 
108 134 91 156 157 158 159 160 161 143 
108 138 91 156 162 163 164 
108 142 91 156 157 158 159 160 94 93 92 176 177 146 147 199 171 172 215 170 
108 150 91 156 157 158 90 103 104 105 7 8 129 130 131 136 137 206 115 116 65 74 27 201 
108 152 91 156 162 208 
108 153 91 156 162 163 25 26 9 198 168 211 
116 2 100 166 203 129 130 131 213 11 12 18 118 43 14 0 1 
116 10 100 166 167 97 98 22 5 
116 11 100 166 203 129 76 77 107 52 190 34 32 13 175 16 147 23 183 6 
116 29 100 166 203 129 130 131 213 11 12 18 118 43 44 45 119 17 
116 56 100 166 203 40 
116 73 100 166 203 129 130 131 136 137 85 132 138 60 55 
116 88 100 166 203 129 130 131 136 137 206 115 116 65 74 75 
116 93 100 166 203 129 130 79 
116 108 100 166 167 97 98 110 31 158 159 160 161 214 155 91 
116 112 100 166 203 129 130 131 213 11 12 18 118 43 14 0 57 96 
116 122 100 166 167 97 98 22 9 198 112 
116 134 100 166 167 97 98 110 31 158 159 160 161 143 
116 138 100 166 167 97 98 110 111 163 164 
116 142 100 166 203 129 130 131 213 11 12 18 118 43 44 45 46 47 15 215 170 
116 150 100 166 203 129 130 131 136 137 206 115 116 65 74 27 201 
116 152 100 166 167 97 98 110 111 208 
116 153 100 166 167 97 98 22 9 198 168 211 
123 2 113 53 0 1 
123 10 113 53 54 64 139 49 134 135 122 123 124 121 97 98 22 5 
123 11 113 95 45 46 47 15 173 193 194 199 147 23 183 6 
123 29 113 95 45 119 17 
123 56 113 53 54 64 139 49 134 135 122 123 124 8 40 
123 73 113 53 54 64 204 60 55 
123 88 113 53 54 64 139 140 141 206 115 116 65 74 75 
123 93 113 53 54 64 139 49 134 135 153 78 79 
123 108 113 53 54 64 139 49 134 135 122 123 77 107 108 109 89 160 161 214 155 91 
123 112 113 53 0 57 96 
123 122 113 53 54 64 139 49 134 135 122 123 124 121 97 98 22 9 198 112 
123 134 113 53 54 64 139 49 134 135 122 123 77 107 108 109 89 160 161 143 
123 138 113 53 54 64 139 49 134 135 122 123 124 121 97 98 110 111 163 164 
123 142 113 95 45 46 47 15 215 170 
123 150 113 53 54 64 139 140 141 206 115 116 65 74 27 201 
123 152 113 53 54 64 139 49 134 135 122 123 124 121 97 98 110 111 208 
123 153 113 53 54 64 139 49 134 135 122 123 124 121 97 98 22 9 198 168 211 
124 2 114 130 131 213 11 12 18 118 43 14 0 1 
124 10 114 76 124 121 97 98 22 5 
124 11 114 76 77 107 52 190 34 32 13 175 16 147 23 183 6 
124 29 114 130 131 213 11 12 18 118 43 44 45 119 17 
124 56 114 76 124 8 40 
124 73 114 130 131 136 137 85 132 138 60 55 
124 88 114 130 131 136 137 206 115 116 65 74 75 
124 93 114 130 79 
124 108 114 76 77 107 108 109 89 160 161 214 155 91 
124 112 114 130 131 213 11 12 18 118 43 14 0 57 96 
124 122 114 76 124 121 97 98 22 9 198 112 
124 134 114 76 77 107 108 109 89 160 161 143 
124 138 114 76 124 121 97 98 110 111 163 164 
124 142 114 130 131 213 11 12 18 118 43 44 45 46 47 15 215 170 
124 150 114 130 131 136 137 206 115 116 65 74 27 201 
124 152 114 76 124 121 97 98 110 111 208 
124 153 114 76 124 121 97 98 22 9 198 168 211 
127 2 125 126 127 128 11 12 18 118 43 14 0 1 
127 10 125 126 127 128 154 122 123 124 121 97 98 22 5 
127 11 125 126 127 128 11 12 200 191 190 34 32 13 175 16 147 23 183 6 
127 29 125 126 127 128 11 12 18 118 43 44 45 119 17 
127 56 125 126 127 128 154 122 123 124 8 40 
127 73 125 126 127 137 85 132 138 60 55 
127 88 125 217 88 219 145 28 75 
127 93 125 126 127 128 154 153 78 79 
127 108 125 126 127 128 154 122 123 77 107 108 109 89 160 161 214 155 91 
127 112 125 126 127 128 11 12 18 118 43 14 0 57 96 
127 122 125 126 127 128 154 122 123 124 121 97 98 22 9 198 112 
127 134 125 126 127 128 154 122 123 77 107 108 109 89 160 161 143 
127 138 125 126 127 128 154 122 123 124 121 97 98 110 111 163 164 
127 142 125 126 127 128 11 12 18 118 43 44 45 46 47 15 215 170 
127 150 125 217 88 219 145 28 27 201 
127 152 125 126 127 128 154 122 123 124 121 97 98 110 111 208 
127 153 125 126 127 128 154 122 123 124 121 97 98 22 9 198 168 211 
131 2 142 155 156 157 158 90 103 104 105 106 107 52 191 200 18 118 43 14 0 1 
131 10 142 155 156 162 163 25 26 5 
131 11 142 155 156 157 158 159 160 94 93 92 176 177 182 183 6 
131 29 142 155 156 157 158 90 103 104 105 106 107 52 191 200 18 118 43 44 45 119 17 
131 56 142 155 156 157 158 90 103 104 105 7 8 40 
131 73 142 155 156 157 158 90 103 104 105 7 8 129 130 131 136 137 85 132 138 60 55 
131 88 142 155 156 157 158 90 103 104 105 7 8 129 130 131 136 137 206 115 116 65 74 75 
131 93 142 155 156 157 158 90 103 104 105 7 8 129 130 79 
131 108 142 155 91 
131 112 142 155 156 157 158 90 103 104 105 106 107 52 191 200 18 118 43 14 0 57 96 
131 122 142 155 156 162 163 25 26 9 198 112 
131 134 142 214 143 
131 138 142 155 156 162 163 164 
131 142 142 155 156 157 158 159 160 94 93 92 176 177 146 147 199 171 172 215 170 
131 150 142 155 156 157 158 90 103 104 105 7 8 129 130 131 136 137 206 115 116 65 74 27 201 
131 152 142 155 156 162 208 
131 153 142 155 156 162 163 25 26 9 198 168 211 
142 2 170 216 193 50 51 202 42 43 14 0 1 
142 10 170 216 193 50 51 202 4 19 18 200 38 123 124 121 97 98 22 5 
142 11 170 216 193 194 199 147 23 183 6 
142 29 170 216 193 50 51 202 42 43 44 45 119 17 
142 56 170 216 193 50 51 202 4 19 18 200 38 123 124 8 40 
142 73 170 216 193 50 51 202 42 43 14 54 64 204 60 55 
142 88 170 216 193 50 51 202 42 43 14 54 64 139 140 141 206 115 116 65 74 75 
142 93 170 216 193 50 51 202 4 19 18 200 38 39 78 79 
142 108 170 216 193 194 199 147 23 178 179 92 93 94 161 214 155 91 
142 112 170 216 193 50 51 202 42 43 14 0 57 96 
142 122 170 216 193 50 51 202 4 19 18 200 38 123 124 121 97 98 22 9 198 112 
142 134 170 216 193 194 199 147 23 178 179 92 93 94 161 143 
142 138 170 216 193 194 199 147 23 178 179 92 93 94 161 214 155 156 162 163 164 
142 150 170 216 193 50 51 202 42 43 14 54 64 139 140 141 206 115 116 65 74 27 201 
142 152 170 216 193 194 199 147 23 178 179 92 93 94 161 214 155 156 162 208 
142 153 170 216 193 50 51 202 4 19 18 200 38 123 124 121 97 98 22 9 198 168 211 
150 2 201 27 28 144 197 73 72 209 132 138 60 61 62 56 1 
150 10 201 27 28 144 197 73 72 209 132 10 133 134 135 122 123 124 121 97 98 22 5 
150 11 201 27 28 144 197 73 72 209 132 10 133 134 12 200 191 190 34 32 13 175 16 147 23 183 6 
150 29 201 27 28 144 197 73 72 209 132 10 133 134 12 18 118 43 44 45 119 17 
150 56 201 27 28 144 197 73 72 209 132 10 133 134 135 122 123 124 8 40 
150 73 201 27 28 144 197 73 72 209 132 138 60 55 
150 88 201 27 75 
150 93 201 27 28 144 197 73 72 209 132 10 133 134 135 153 78 79 
150 108 201 27 28 144 197 73 72 209 132 10 133 134 135 122 123 77 107 108 109 89 160 161 214 155 91 
150 112 201 27 28 144 197 73 72 209 132 138 60 61 62 56 57 96 
150 122 201 27 28 144 197 73 72 209 132 10 133 134 135 122 123 124 121 97 98 22 9 198 112 
150 134 201 27 28 144 197 73 72 209 132 10 133 134 135 122 123 77 107 108 109 89 160 161 143 
150 138 201 27 28 144 197 73 72 209 132 10 133 134 135 122 123 124 121 97 98 110 111 163 164 
150 142 201 27 28 144 197 73 72 209 132 10 133 134 12 18 118 43 44 45 46 47 15 215 170 
150 152 201 27 28 144 197 73 72 209 132 10 133 134 135 122 123 124 121 97 98 110 111 208 
150 153 201 27 28 144 197 73 72 209 132 10 133 134 135 122 123 124 121 97 98 22 9 198 168 211 
151 2 207 25 26 9 87 102 105 106 107 52 191 200 18 118 43 14 0 1 
151 10 207 25 26 5 
151 11 207 25 30 31 158 159 160 94 93 92 176 177 182 183 6 
151 29 207 25 26 9 87 102 105 106 107 52 191 200 18 118 43 44 45 119 17 
151 56 207 25 26 9 87 102 105 7 8 40 
151 73 207 25 26 9 87 102 105 7 8 129 130 131 136 137 85 132 138 60 55 
151 88 207 25 26 9 87 102 105 7 8 129 130 131 136 137 206 115 116 65 74 75 
151 93 207 25 26 9 87 102 105 7 8 129 130 79 
151 108 207 25 30 31 158 159 160 161 214 155 91 
151 112 207 25 26 9 87 102 105 106 107 52 191 200 18 118 43 14 0 57 96 
151 122 207 25 26 9 198 112 
151 134 207 25 30 31 158 159 160 161 143 
151 138 207 164 
151 142 207 25 30 31 158 159 160 94 93 92 176 177 146 147 199 171 172 215 170 
151 150 207 25 26 9 87 102 105 7 8 129 130 131 136 137 206 115 116 65 74 27 201 
151 152 207 25 30 111 208 
151 153 207 25 26 9 198 168 211 
152 2 208 163 25 26 9 87 102 105 106 107 52 191 200 18 118 43 14 0 1 
152 10 208 163 25 26 5 
152 11 208 163 25 30 31 158 159 160 94 93 92 176 177 182 183 6 
152 29 208 163 25 26 9 87 102 105 106 107 52 191 200 18 118 43 44 45 119 17 
152 56 208 163 25 26 9 87 102 105 7 8 40 
152 73 208 163 25 26 9 87 102 105 7 8 129 130 131 136 137 85 132 138 60 55 
152 88 208 163 25 26 9 87 102 105 7 8 129 130 131 136 137 206 115 116 65 74 75 
152 93 208 163 25 26 9 87 102 105 7 8 129 130 79 
152 108 208 163 25 30 31 158 159 160 161 214 155 91 
152 112 208 163 25 26 9 87 102 105 106 107 52 191 200 18 118 43 14 0 57 96 
152 122 208 163 25 26 9 198 112 
152 134 208 163 25 30 31 158 159 160 161 143 
152 138 208 163 164 
152 142 208 163 25 30 31 158 159 160 94 93 92 176 177 146 147 199 171 172 215 170 
152 150 208 163 25 26 9 87 102 105 7 8 129 130 131 136 137 206 115 116 65 74 27 201 
152 153 208 163 25 26 9 198 168 211 
154 2 212 165 166 203 129 130 131 213 11 12 18 118 43 14 0 1 
154 10 212 165 166 167 97 98 22 5 
154 11 212 165 166 203 129 76 77 107 52 190 34 32 13 175 16 147 23 183 6 
154 29 212 165 166 203 129 130 131 213 11 12 18 118 43 44 45 119 17 
154 56 212 165 166 203 40 
154 73 212 165 166 203 129 130 131 136 137 85 132 138 60 55 
154 88 212 165 166 203 129 130 131 136 137 206 115 116 65 74 75 
154 93 212 165 166 203 129 130 79 
154 108 212 165 166 167 97 98 110 31 158 159 160 161 214 155 91 
154 112 212 165 166 203 129 130 131 213 11 12 18 118 43 14 0 57 96 
154 115 212 99 
154 122 212 165 166 167 97 98 22 9 198 112 
154 134 212 165 166 167 97 98 110 31 158 159 160 161 143 
154 138 212 165 166 167 97 98 110 111 163 164 
154 142 212 165 166 203 129 130 131 213 11 12 18 118 43 44 45 46 47 15 215 170 
154 150 212 165 166 203 129 130 131 136 137 206 115 116 65 74 27 201 
154 152 212 165 166 167 97 98 110 111 208 
154 153 212 165 166 167 97 98 22 9 198 168 211 
