242
4 5 58
4 15 58
4 23 58
4 31 58
4 33 58
4 34 58
4 35 58
4 40 58
4 47 58
4 65 58
4 66 58
4 68 58
4 69 58
4 70 58
4 73 58
5 4 58
5 15 58
5 23 58
5 31 58
5 33 58
5 34 58
5 35 58
5 40 58
5 47 58
5 65 58
5 66 58
5 68 58
5 69 58
5 70 58
5 73 58
15 4 58
15 5 58
15 23 58
15 31 58
15 33 58
15 34 58
15 35 58
15 40 58
15 47 58
15 65 58
15 66 58
15 68 58
15 69 58
15 70 58
15 73 58
23 4 58
23 5 58
23 15 58
23 31 58
23 33 58
23 34 58
23 35 58
23 40 58
23 47 58
23 65 58
23 66 58
23 68 58
23 69 58
23 70 58
23 73 58
31 4 58
31 5 58
31 15 58
31 23 58
31 33 58
31 34 58
31 35 58
31 40 58
31 47 58
31 65 58
31 66 58
31 68 58
31 69 58
31 70 58
31 73 58
33 4 58
33 5 58
33 15 58
33 23 58
33 31 58
33 34 58
33 35 58
33 40 58
33 47 58
33 65 58
33 66 58
33 68 58
33 69 58
33 70 58
33 73 58
34 4 58
34 5 58
34 15 58
34 23 58
34 31 58
34 33 58
34 35 58
34 40 58
34 47 58
34 65 58
34 66 58
34 68 58
34 69 58
34 70 58
34 73 58
40 4 58
40 5 58
40 15 58
40 23 58
40 31 58
40 33 58
40 34 58
40 35 58
40 47 58
40 65 58
40 66 58
40 68 58
40 69 58
40 70 58
40 73 58
47 4 58
47 5 58
47 15 58
47 23 58
47 31 58
47 33 58
47 34 58
47 35 58
47 40 58
47 65 58
47 66 58
47 68 58
47 69 58
47 70 58
47 73 58
63 4 58
63 5 58
63 15 58
63 23 58
63 31 58
63 33 58
63 34 58
63 35 58
63 40 58
63 47 58
63 65 58
63 66 58
63 68 58
63 69 58
63 70 58
63 73 58
65 4 58
65 5 58
65 15 58
65 23 58
65 31 58
65 33 58
65 34 58
65 35 58
65 40 58
65 47 58
65 66 58
65 68 58
65 69 58
65 70 58
65 73 58
66 4 58
66 5 58
66 15 58
66 23 58
66 31 58
66 33 58
66 34 58
66 35 58
66 40 58
66 47 58
66 65 58
66 68 58
66 69 58
66 70 58
66 73 58
68 4 58
68 5 58
68 15 58
68 23 58
68 31 58
68 33 58
68 34 58
68 35 58
68 40 58
68 47 58
68 65 58
68 66 58
68 69 58
68 70 58
68 73 58
70 4 58
70 5 58
70 15 58
70 23 58
70 31 58
70 33 58
70 34 58
70 35 58
70 40 58
70 47 58
70 65 58
70 66 58
70 68 58
70 69 58
70 73 58
72 4 58
72 5 58
72 15 58
72 23 58
72 31 58
72 33 58
72 34 58
72 35 58
72 40 58
72 47 58
72 65 58
72 66 58
72 68 58
72 69 58
72 70 58
72 73 58
73 4 58
73 5 58
73 15 58
73 23 58
73 31 58
73 33 58
73 34 58
73 35 58
73 40 58
73 47 58
73 65 58
73 66 58
73 68 58
73 69 58
73 70 58
