22
0 0 1 1
0 30 230 230 230 10.0
1 1 2 1
0 230 230 730 230 10.0
2 2 3 1
0 730 230 1230 230 10.0
3 3 4 1
0 1230 230 1430 230 10.0
4 5 6 1
0 30 1230 230 1230 10.0
5 6 7 1
0 230 1230 730 1230 10.0
6 7 8 1
0 730 1230 1230 1230 10.0
7 8 9 1
0 1230 1230 1430 1230 10.0
8 10 1 1
0 230 30 230 230 10.0
9 1 11 1
0 230 230 230 730 10.0
10 11 6 1
0 230 730 230 1230 10.0
11 6 12 1
0 230 1230 230 1430 10.0
12 13 3 1
0 1230 30 1230 230 10.0
13 3 14 1
0 1230 230 1230 730 10.0
14 14 8 1
0 1230 730 1230 1230 10.0
15 8 15 1
0 1230 1230 1230 1430 10.0
16 16 11 1
0 30 730 230 730 20.0
17 14 17 1
0 1230 730 1430 730 20.0
18 18 2 1
0 730 30 730 230 20.0
19 7 19 1
0 730 1230 730 1430 20.0
20 14 11 1
0 1230 730 230 730 20.0
21 7 2 1
0 730 1230 730 230 20.0
