17
0 0 1 4
0 526 920 686 912 19.2
1 686 912 1239 906 19.2
2 1239 906 1327 912 19.2
3 1327 912 1398 910 19.2
1 0 2 3
0 526 920 533 1230 7.0
1 533 1230 535 1729 7.0
2 535 1729 674 1728 7.0
2 0 6 2
0 526 920 438 923 6.5
1 438 923 30 926 6.5
3 0 7 4
0 526 920 518 759 14.0
1 518 759 513 190 14.0
2 513 190 516 109 14.0
3 516 109 512 30 14.0
4 1 8 5
0 1398 910 1572 722 6.5
1 1572 722 1641 654 6.5
2 1641 654 1759 546 6.5
3 1759 546 1810 495 6.5
4 1810 495 1889 405 6.5
5 1 9 8
0 1398 910 1460 908 25.9
1 1460 908 1499 903 25.9
2 1499 903 1694 899 25.9
3 1694 899 1718 906 25.9
4 1718 906 1730 906 25.9
5 1730 906 1754 897 25.9
6 1754 897 1892 896 25.9
7 1892 896 1947 893 25.9
6 1 3 3
0 1398 910 1301 1027 6.8
1 1301 1027 989 1380 6.8
2 989 1380 848 1532 6.8
7 2 3 2
0 674 1728 704 1691 6.5
1 704 1691 848 1532 6.5
8 2 10 2
0 674 1728 703 1745 6.5
1 703 1745 795 1827 6.5
9 2 11 2
0 674 1728 668 1744 11.0
1 668 1744 628 1793 11.0
10 3 4 4
0 848 1532 898 1572 7.8
1 898 1572 1047 1704 7.8
2 1047 1704 1075 1714 7.8
3 1075 1714 1130 1724 7.8
11 3 12 5
0 848 1532 794 1482 6.5
1 794 1482 734 1377 6.5
2 734 1377 694 1340 6.5
3 694 1340 659 1326 6.5
4 659 1326 531 1328 6.5
12 4 5 3
0 1130 1724 1170 1663 22.3
1 1170 1663 1319 1494 22.3
2 1319 1494 1371 1444 22.3
13 4 13 2
0 1130 1724 1194 1719 6.5
1 1194 1719 1491 1714 6.5
14 4 14 2
0 1130 1724 1120 1754 23.8
1 1120 1754 1025 1861 23.8
15 5 15 10
0 1371 1444 1618 1161 15.2
1 1618 1161 1647 1124 15.2
2 1647 1124 1693 1051 15.2
3 1693 1051 1726 989 15.2
4 1726 989 1760 906 15.2
5 1760 906 1768 895 15.2
6 1768 895 1772 881 15.2
7 1772 881 1905 546 15.2
8 1905 546 1929 503 15.2
9 1929 503 524 523 15.2
16 5 16 2
0 1371 1444 1378 1507 6.5
1 1378 1507 1378 1793 6.5
