74
0 0 0 0 24 84 98
1 0 0 0 12 81 83
2 0 0 1 22 84 85
3 0 0 1 2 11
4 302 2163 2
5 90 1760 3
6 0 0 3 25 26 97
7 0 0 4 74 102
8 0 0 4 5 45
9 0 0 5 6 71 80
10 0 0 6 7 18 70
11 0 0 7 8 21 106
12 0 0 8 9 15 86
13 0 0 9 29 66 78
14 0 0 10 68 74 99
15 290 542 10
16 0 0 11 16 97
17 0 0 12 59 60
18 0 0 13 34 73
19 0 0 13 14 27 28
20 0 0 14 61 62
21 0 0 15 31 93
22 0 0 16 102 103 107 108
23 2480 2136 17
24 0 0 17 23 63 69
25 0 0 18 32 95
26 0 0 19 38 89
27 0 0 19 37 94 104
28 0 0 20 72 95
29 0 0 20 21 31 32
30 0 0 22 81 108
31 1757 2659 23
32 0 0 24 27 75
33 83 950 25
34 30 1353 26
35 1179 2662 28
36 0 0 29 30 91 92
37 0 0 30 76 77 96
38 0 0 33 72 101
39 0 0 33 78 93
40 818 2566 34
41 0 0 35 40 86 92
42 0 0 35 39 89 106
43 0 0 36 39 104 105
44 0 0 36 40 88 96
45 0 0 37 65 83 103
46 0 0 38 65 70 82
47 762 2515 41
48 0 0 41 73 85 98
49 0 0 42 49 50
50 0 0 42 43 56
51 0 0 43 44 57
52 0 0 44 47 53
53 0 0 45 54 55
54 0 0 46 47 68
55 0 0 46 51 53 55
56 0 0 48 50 52
57 0 0 48 49 100
58 0 0 51 52 54
59 0 0 56 57 67
60 0 0 58 90 94 105
61 0 0 58 63 87 88
62 0 0 59 60 64 75 90
63 1197 2663 61
64 0 0 62 64 69 87
65 2723 925 66
66 1738 30 67
67 0 0 71 82 107
68 2580 2004 76
69 2776 1334 77
70 2479 461 79
71 0 0 79 80 100 101
72 2775 1324 91
73 896 35 99
