242
4 5 2 11 97 3 
4 15 2 11 16 102 74 10 
4 23 2 1 84 24 75 64 69 17 
4 31 2 1 84 24 75 64 69 23 
4 33 2 11 97 25 
4 34 2 11 97 26 
4 35 2 1 84 24 27 28 
4 40 2 1 85 73 34 
4 47 2 1 85 41 
4 65 2 11 16 103 65 70 7 8 9 66 
4 66 2 11 16 107 71 80 100 49 42 56 67 
4 68 2 11 16 103 37 104 36 96 76 
4 69 2 11 16 103 37 104 36 96 77 
4 70 2 11 16 107 71 80 79 
4 73 2 11 16 102 74 99 
5 4 3 97 11 2 
5 15 3 97 16 102 74 10 
5 23 3 97 16 103 37 94 58 63 17 
5 31 3 97 16 103 37 94 58 63 23 
5 33 3 25 
5 34 3 26 
5 35 3 97 11 1 84 24 27 28 
5 40 3 97 11 1 85 73 34 
5 47 3 97 11 1 85 41 
5 65 3 97 16 103 65 70 7 8 9 66 
5 66 3 97 16 107 71 80 100 49 42 56 67 
5 68 3 97 16 103 37 104 36 96 76 
5 69 3 97 16 103 37 104 36 96 77 
5 70 3 97 16 107 71 80 79 
5 73 3 97 16 102 74 99 
15 4 10 74 102 16 11 2 
15 5 10 74 102 16 97 3 
15 23 10 74 102 103 37 94 58 63 17 
15 31 10 74 102 103 37 94 58 63 23 
15 33 10 74 102 16 97 25 
15 34 10 74 102 16 97 26 
15 35 10 74 102 108 81 0 24 27 28 
15 40 10 74 102 108 22 85 73 34 
15 47 10 74 102 108 22 85 41 
15 65 10 74 4 5 6 7 8 9 66 
15 66 10 68 46 53 44 43 56 67 
15 68 10 74 102 103 37 104 36 96 76 
15 69 10 74 102 103 37 104 36 96 77 
15 70 10 74 4 5 80 79 
15 73 10 99 
23 4 17 69 64 75 24 84 1 2 
23 5 17 69 64 59 12 81 108 16 97 3 
23 15 17 69 64 59 12 81 108 102 74 10 
23 31 17 23 
23 33 17 69 64 59 12 81 108 16 97 25 
23 34 17 69 64 59 12 81 108 16 97 26 
23 35 17 69 64 75 27 28 
23 40 17 69 64 75 27 13 34 
23 47 17 69 64 75 24 98 41 
23 65 17 63 88 96 30 29 66 
23 66 17 63 88 96 30 29 78 33 101 100 49 42 56 67 
23 68 17 63 88 96 76 
23 69 17 63 88 96 77 
23 70 17 63 88 96 30 29 78 33 101 79 
23 73 17 69 64 59 12 81 108 102 74 99 
31 4 23 69 64 75 24 84 1 2 
31 5 23 69 64 59 12 81 108 16 97 3 
31 15 23 69 64 59 12 81 108 102 74 10 
31 23 23 17 
31 33 23 69 64 59 12 81 108 16 97 25 
31 34 23 69 64 59 12 81 108 16 97 26 
31 35 23 69 64 75 27 28 
31 40 23 69 64 75 27 13 34 
31 47 23 69 64 75 24 98 41 
31 65 23 63 88 96 30 29 66 
31 66 23 63 88 96 30 29 78 33 101 100 49 42 56 67 
31 68 23 63 88 96 76 
31 69 23 63 88 96 77 
31 70 23 63 88 96 30 29 78 33 101 79 
31 73 23 69 64 59 12 81 108 102 74 99 
33 4 25 97 11 2 
33 5 25 3 
33 15 25 97 16 102 74 10 
33 23 25 97 16 103 37 94 58 63 17 
33 31 25 97 16 103 37 94 58 63 23 
33 34 25 26 
33 35 25 97 11 1 84 24 27 28 
33 40 25 97 11 1 85 73 34 
33 47 25 97 11 1 85 41 
33 65 25 97 16 103 65 70 7 8 9 66 
33 66 25 97 16 107 71 80 100 49 42 56 67 
33 68 25 97 16 103 37 104 36 96 76 
33 69 25 97 16 103 37 104 36 96 77 
33 70 25 97 16 107 71 80 79 
33 73 25 97 16 102 74 99 
34 4 26 97 11 2 
34 5 26 3 
34 15 26 97 16 102 74 10 
34 23 26 97 16 103 37 94 58 63 17 
34 31 26 97 16 103 37 94 58 63 23 
34 33 26 25 
34 35 26 97 11 1 84 24 27 28 
34 40 26 97 11 1 85 73 34 
34 47 26 97 11 1 85 41 
34 65 26 97 16 103 65 70 7 8 9 66 
34 66 26 97 16 107 71 80 100 49 42 56 67 
34 68 26 97 16 103 37 104 36 96 76 
34 69 26 97 16 103 37 104 36 96 77 
34 70 26 97 16 107 71 80 79 
34 73 26 97 16 102 74 99 
40 4 34 73 85 1 2 
40 5 34 73 85 1 11 97 3 
40 15 34 73 85 22 108 102 74 10 
40 23 34 13 14 62 69 17 
40 31 34 13 14 62 69 23 
40 33 34 73 85 1 11 97 25 
40 34 34 73 85 1 11 97 26 
40 35 34 13 28 
40 47 34 73 41 
40 65 34 13 14 62 87 88 96 30 29 66 
40 66 34 73 85 22 108 107 71 80 100 49 42 56 67 
40 68 34 13 14 62 87 88 96 76 
40 69 34 13 14 62 87 88 96 77 
40 70 34 73 85 22 108 107 71 80 79 
40 73 34 73 85 22 108 102 74 99 
47 4 41 85 1 2 
47 5 41 85 1 11 97 3 
47 15 41 85 22 108 102 74 10 
47 23 41 73 13 14 62 69 17 
47 31 41 73 13 14 62 69 23 
47 33 41 85 1 11 97 25 
47 34 41 85 1 11 97 26 
47 35 41 73 13 28 
47 40 41 73 34 
47 65 41 98 0 83 65 70 7 8 9 66 
47 66 41 85 22 108 107 71 80 100 49 42 56 67 
47 68 41 98 0 83 37 104 36 96 76 
47 69 41 98 0 83 37 104 36 96 77 
47 70 41 85 22 108 107 71 80 79 
47 73 41 85 22 108 102 74 99 
63 4 61 14 13 73 85 1 2 
63 5 61 14 13 73 85 1 11 97 3 
63 15 61 14 13 73 85 22 108 102 74 10 
63 23 61 62 69 17 
63 31 61 62 69 23 
63 33 61 14 13 73 85 1 11 97 25 
63 34 61 14 13 73 85 1 11 97 26 
63 35 61 14 28 
63 40 61 14 13 34 
63 47 61 14 13 73 41 
63 65 61 62 87 88 96 30 29 66 
63 66 61 62 87 88 96 30 29 78 33 101 100 49 42 56 67 
63 68 61 62 87 88 96 76 
63 69 61 62 87 88 96 77 
63 70 61 62 87 88 96 30 29 78 33 101 79 
63 73 61 14 13 73 85 22 108 102 74 99 
65 4 66 9 8 7 70 65 103 16 11 2 
65 5 66 9 8 7 70 65 103 16 97 3 
65 15 66 9 8 7 6 5 4 74 10 
65 23 66 29 30 96 88 63 17 
65 31 66 29 30 96 88 63 23 
65 33 66 9 8 7 70 65 103 16 97 25 
65 34 66 9 8 7 70 65 103 16 97 26 
65 35 66 9 8 106 39 105 90 75 27 28 
65 40 66 9 8 7 70 65 83 0 98 73 34 
65 47 66 9 8 7 70 65 83 0 98 41 
65 66 66 78 33 101 100 49 42 56 67 
65 68 66 29 30 76 
65 69 66 29 30 77 
65 70 66 78 33 101 79 
65 73 66 9 8 7 6 5 4 74 99 
66 4 67 57 44 47 68 74 102 16 11 2 
66 5 67 57 44 47 68 74 102 16 97 3 
66 15 67 57 44 47 68 10 
66 23 67 57 44 47 68 74 102 103 37 94 58 63 17 
66 31 67 57 44 47 68 74 102 103 37 94 58 63 23 
66 33 67 57 44 47 68 74 102 16 97 25 
66 34 67 57 44 47 68 74 102 16 97 26 
66 35 67 57 44 47 68 74 102 108 81 0 24 27 28 
66 40 67 57 44 47 68 74 102 108 22 85 73 34 
66 47 67 57 44 47 68 74 102 108 22 85 41 
66 65 67 57 43 42 50 48 100 101 33 78 66 
66 68 67 57 44 47 68 74 102 103 37 104 36 96 76 
66 69 67 57 44 47 68 74 102 103 37 104 36 96 77 
66 70 67 57 43 42 50 48 100 79 
66 73 67 57 44 47 68 99 
68 4 76 96 88 58 90 75 24 84 1 2 
68 5 76 30 92 35 89 38 65 103 16 97 3 
68 15 76 30 29 9 8 7 6 5 4 74 10 
68 23 76 96 88 63 17 
68 31 76 96 88 63 23 
68 33 76 30 92 35 89 38 65 103 16 97 25 
68 34 76 30 92 35 89 38 65 103 16 97 26 
68 35 76 96 88 58 90 75 27 28 
68 40 76 96 88 58 90 75 27 13 34 
68 47 76 96 88 58 90 75 24 98 41 
68 65 76 30 29 66 
68 66 76 30 29 78 33 101 100 49 42 56 67 
68 69 76 77 
68 70 76 30 29 78 33 101 79 
68 73 76 30 29 9 8 7 6 5 4 74 99 
70 4 79 80 71 107 16 11 2 
70 5 79 80 71 107 16 97 3 
70 15 79 80 5 4 74 10 
70 23 79 101 33 78 29 30 96 88 63 17 
70 31 79 101 33 78 29 30 96 88 63 23 
70 33 79 80 71 107 16 97 25 
70 34 79 80 71 107 16 97 26 
70 35 79 80 6 70 65 83 0 24 27 28 
70 40 79 80 71 107 108 22 85 73 34 
70 47 79 80 71 107 108 22 85 41 
70 65 79 101 33 78 66 
70 66 79 100 49 42 56 67 
70 68 79 101 33 78 29 30 76 
70 69 79 101 33 78 29 30 77 
70 73 79 80 5 4 74 99 
72 4 91 92 35 89 38 65 103 16 11 2 
72 5 91 92 35 89 38 65 103 16 97 3 
72 15 91 29 9 8 7 6 5 4 74 10 
72 23 91 30 96 88 63 17 
72 31 91 30 96 88 63 23 
72 33 91 92 35 89 38 65 103 16 97 25 
72 34 91 92 35 89 38 65 103 16 97 26 
72 35 91 92 35 39 105 90 75 27 28 
72 40 91 92 35 39 105 90 75 27 13 34 
72 47 91 92 35 89 38 65 83 0 98 41 
72 65 91 29 66 
72 66 91 29 78 33 101 100 49 42 56 67 
72 68 91 30 76 
72 69 91 30 77 
72 70 91 29 78 33 101 79 
72 73 91 29 9 8 7 6 5 4 74 99 
73 4 99 74 102 16 11 2 
73 5 99 74 102 16 97 3 
73 15 99 10 
73 23 99 74 102 103 37 94 58 63 17 
73 31 99 74 102 103 37 94 58 63 23 
73 33 99 74 102 16 97 25 
73 34 99 74 102 16 97 26 
73 35 99 74 102 108 81 0 24 27 28 
73 40 99 74 102 108 22 85 73 34 
73 47 99 74 102 108 22 85 41 
73 65 99 74 4 5 6 7 8 9 66 
73 66 99 68 46 53 44 43 56 67 
73 68 99 74 102 103 37 104 36 96 76 
73 69 99 74 102 103 37 104 36 96 77 
73 70 99 74 4 5 80 79 
