0 0 2 902
0 0 3 59
0 2 1 629
0 2 4 107
0 2 5 1007
0 3 2 58
0 4 2 680
0 4 3 145
0 5 1 376
0 5 4 990
1 0 2 387
1 0 3 30
1 2 1 278
1 2 4 36
1 2 5 520
1 3 2 23
1 4 2 280
1 4 3 69
1 5 1 193
1 5 4 548
2 0 2 334
2 0 3 14
2 2 1 224
2 2 4 24
2 2 5 150
2 3 2 21
2 4 2 153
2 4 3 59
2 5 1 118
2 5 4 239
3 0 2 216
3 0 3 12
3 2 1 201
3 2 4 9
3 2 5 163
3 3 2 26
3 4 2 103
3 4 3 23
3 5 1 66
3 5 4 82
4 0 2 201
4 0 3 13
4 2 1 226
4 2 4 21
4 2 5 135
4 3 2 36
4 4 2 110
4 4 3 11
4 5 1 77
4 5 4 110
5 0 2 271
5 0 3 16
5 2 1 268
5 2 4 23
5 2 5 236
5 3 2 20
5 4 2 173
5 4 3 41
5 5 1 185
5 5 4 84
6 0 2 679
6 0 3 54
6 2 1 805
6 2 4 63
6 2 5 538
6 3 2 57
6 4 2 545
6 4 3 158
6 5 1 493
6 5 4 543
7 0 2 1310
7 0 3 167
7 2 1 1383
7 2 4 251
7 2 5 1552
7 3 2 93
7 4 2 915
7 4 3 513
7 5 1 734
7 5 4 1218
8 0 2 1956
8 0 3 222
8 2 1 2748
8 2 4 423
8 2 5 2006
8 3 2 226
8 4 2 1167
8 4 3 763
8 5 1 1346
8 5 4 1565
9 0 2 1936
9 0 3 286
9 2 1 2778
9 2 4 482
9 2 5 1805
9 3 2 216
9 4 2 1327
9 4 3 1074
9 5 1 1538
9 5 4 1967
10 0 2 2001
10 0 3 267
10 2 1 2294
10 2 4 471
10 2 5 1999
10 3 2 195
10 4 2 1419
10 4 3 973
10 5 1 1071
10 5 4 1876
11 0 2 1734
11 0 3 245
11 2 1 879
11 2 4 381
11 2 5 2528
11 3 2 186
11 4 2 1749
11 4 3 1104
11 5 1 690
11 5 4 2659
12 0 2 1981
12 0 3 297
12 2 1 1880
12 2 4 530
12 2 5 1965
12 3 2 157
12 4 2 1571
12 4 3 1201
12 5 1 980
12 5 4 2439
13 0 2 2004
13 0 3 251
13 2 1 2042
13 2 4 595
13 2 5 2107
13 3 2 216
13 4 2 1520
13 4 3 1035
13 5 1 731
13 5 4 2101
14 0 2 2368
14 0 3 264
14 2 1 1774
14 2 4 453
14 2 5 3043
14 3 2 122
14 4 2 1508
14 4 3 967
14 5 1 781
14 5 4 1970
15 0 2 2455
15 0 3 302
15 2 1 1928
15 2 4 396
15 2 5 2056
15 3 2 172
15 4 2 1577
15 4 3 968
15 5 1 885
15 5 4 2252
16 0 2 2500
16 0 3 221
16 2 1 2130
16 2 4 469
16 2 5 2163
16 3 2 183
16 4 2 1782
16 4 3 977
16 5 1 814
16 5 4 2391
17 0 2 3107
17 0 3 312
17 2 1 2097
17 2 4 502
17 2 5 2450
17 3 2 159
17 4 2 1726
17 4 3 1180
17 5 1 738
17 5 4 2478
18 0 2 3382
18 0 3 332
18 2 1 2211
18 2 4 567
18 2 5 2660
18 3 2 145
18 4 2 1517
18 4 3 1200
18 5 1 651
18 5 4 2370
19 0 2 3764
19 0 3 279
19 2 1 2242
19 2 4 485
19 2 5 2276
19 3 2 169
19 4 2 1675
19 4 3 1387
19 5 1 860
19 5 4 2239
20 0 2 3000
20 0 3 265
20 2 1 2341
20 2 4 692
20 2 5 2588
20 3 2 159
20 4 2 1607
20 4 3 1198
20 5 1 849
20 5 4 2546
21 0 2 2188
21 0 3 175
21 2 1 2111
21 2 4 636
21 2 5 2804
21 3 2 198
21 4 2 1611
21 4 3 921
21 5 1 834
21 5 4 2271
22 0 2 1867
22 0 3 178
22 2 1 1452
22 2 4 525
22 2 5 2612
22 3 2 111
22 4 2 1554
22 4 3 707
22 5 1 817
22 5 4 1946
23 0 2 1868
23 0 3 139
23 2 1 1201
23 2 4 355
23 2 5 1888
23 3 2 100
23 4 2 1044
23 4 3 418
23 5 1 628
23 5 4 1321
