22
0 0 1 1
0 30 330 330 330 18.0
1 1 2 1
0 330 330 1080 330 18.0
2 2 3 1
0 1080 330 1830 330 18.0
3 3 4 1
0 1830 330 2130 330 18.0
4 5 6 1
0 30 1830 330 1830 18.0
5 6 7 1
0 330 1830 1080 1830 18.0
6 7 8 1
0 1080 1830 1830 1830 18.0
7 8 9 1
0 1830 1830 2130 1830 18.0
8 10 1 1
0 330 30 330 330 18.0
9 1 11 1
0 330 330 330 1080 18.0
10 11 6 1
0 330 1080 330 1830 18.0
11 6 12 1
0 330 1830 330 2130 18.0
12 13 3 1
0 1830 30 1830 330 18.0
13 3 14 1
0 1830 330 1830 1080 18.0
14 14 8 1
0 1830 1080 1830 1830 18.0
15 8 15 1
0 1830 1830 1830 2130 18.0
16 16 11 1
0 30 1080 330 1080 24.0
17 14 17 1
0 1830 1080 2130 1080 24.0
18 18 2 1
0 1080 30 1080 330 24.0
19 7 19 1
0 1080 1830 1080 2130 24.0
20 14 11 1
0 1830 1080 330 1080 24.0
21 7 2 1
0 1080 1830 1080 330 24.0
