132
0 4 0 1 2 3 
0 5 0 9 10 4 
0 9 0 1 21 6 7 
0 10 0 8 
0 12 0 9 10 11 
0 13 0 1 2 12 
0 15 0 1 21 6 15 
0 16 0 9 16 
0 17 0 9 20 17 
0 18 0 1 18 
0 19 0 1 21 19 
4 0 3 2 1 0 
4 5 3 2 21 5 4 
4 9 3 13 14 7 
4 10 3 2 1 8 
4 12 3 2 21 5 11 
4 13 3 12 
4 15 3 13 14 15 
4 16 3 13 20 16 
4 17 3 13 17 
4 18 3 2 18 
4 19 3 2 21 19 
5 0 4 10 9 0 
5 4 4 5 21 2 3 
5 9 4 5 6 7 
5 10 4 10 9 8 
5 12 4 11 
5 13 4 5 21 2 12 
5 15 4 5 6 15 
5 16 4 10 16 
5 17 4 10 20 17 
5 18 4 5 21 18 
5 19 4 5 19 
9 0 7 6 21 1 0 
9 4 7 14 13 3 
9 5 7 6 5 4 
9 10 7 6 21 1 8 
9 12 7 6 5 11 
9 13 7 14 13 12 
9 15 7 15 
9 16 7 14 20 16 
9 17 7 14 17 
9 18 7 6 21 18 
9 19 7 6 19 
10 0 8 0 
10 4 8 1 2 3 
10 5 8 9 10 4 
10 9 8 1 21 6 7 
10 12 8 9 10 11 
10 13 8 1 2 12 
10 15 8 1 21 6 15 
10 16 8 9 16 
10 17 8 9 20 17 
10 18 8 1 18 
10 19 8 1 21 19 
12 0 11 10 9 0 
12 4 11 5 21 2 3 
12 5 11 4 
12 9 11 5 6 7 
12 10 11 10 9 8 
12 13 11 5 21 2 12 
12 15 11 5 6 15 
12 16 11 10 16 
12 17 11 10 20 17 
12 18 11 5 21 18 
12 19 11 5 19 
13 0 12 2 1 0 
13 4 12 3 
13 5 12 2 21 5 4 
13 9 12 13 14 7 
13 10 12 2 1 8 
13 12 12 2 21 5 11 
13 15 12 13 14 15 
13 16 12 13 20 16 
13 17 12 13 17 
13 18 12 2 18 
13 19 12 2 21 19 
15 0 15 6 21 1 0 
15 4 15 14 13 3 
15 5 15 6 5 4 
15 9 15 7 
15 10 15 6 21 1 8 
15 12 15 6 5 11 
15 13 15 14 13 12 
15 16 15 14 20 16 
15 17 15 14 17 
15 18 15 6 21 18 
15 19 15 6 19 
16 0 16 9 0 
16 4 16 20 13 3 
16 5 16 10 4 
16 9 16 20 14 7 
16 10 16 9 8 
16 12 16 10 11 
16 13 16 20 13 12 
16 15 16 20 14 15 
16 17 16 20 17 
16 18 16 9 1 18 
16 19 16 10 5 19 
17 0 17 20 9 0 
17 4 17 13 3 
17 5 17 20 10 4 
17 9 17 14 7 
17 10 17 20 9 8 
17 12 17 20 10 11 
17 13 17 13 12 
17 15 17 14 15 
17 16 17 20 16 
17 18 17 13 2 18 
17 19 17 14 6 19 
18 0 18 1 0 
18 4 18 2 3 
18 5 18 21 5 4 
18 9 18 21 6 7 
18 10 18 1 8 
18 12 18 21 5 11 
18 13 18 2 12 
18 15 18 21 6 15 
18 16 18 1 9 16 
18 17 18 2 13 17 
18 19 18 21 19 
19 0 19 21 1 0 
19 4 19 21 2 3 
19 5 19 5 4 
19 9 19 6 7 
19 10 19 21 1 8 
19 12 19 5 11 
19 13 19 21 2 12 
19 15 19 6 15 
19 16 19 5 10 16 
19 17 19 6 14 17 
19 18 19 21 18 
