0 0 1 30
0 0 2 45
0 0 3 713
0 1 0 20
0 1 2 16
0 1 3 13
0 2 3 82
0 3 0 728
0 3 1 6
0 3 2 120
1 0 1 8
1 0 2 15
1 0 3 396
1 1 0 8
1 2 3 20
1 3 0 393
1 3 2 58
2 0 1 6
2 0 2 7
2 0 3 158
2 2 3 3
2 3 0 156
2 3 2 22
3 0 1 6
3 0 2 7
3 0 3 146
3 2 3 3
3 3 0 135
4 0 1 4
4 0 2 5
4 0 3 109
4 2 3 2
4 3 0 100
5 0 1 6
5 0 2 7
5 0 3 157
5 1 0 6
5 1 2 3
5 1 3 1
5 2 3 13
5 3 0 153
5 3 2 26
6 0 1 33
6 0 2 9
6 0 3 395
6 1 0 27
6 1 2 73
6 1 3 43
6 2 3 93
6 3 0 363
6 3 1 24
6 3 2 18
7 0 1 98
7 0 2 11
7 0 3 905
7 1 0 19
7 1 2 220
7 1 3 72
7 2 3 484
7 3 0 494
7 3 1 23
7 3 2 152
8 0 1 251
8 0 2 33
8 0 3 1280
8 1 0 31
8 1 2 342
8 1 3 129
8 2 3 1187
8 3 0 636
8 3 1 35
8 3 2 241
9 0 1 443
9 0 2 43
9 0 3 1204
9 1 0 90
9 1 2 448
9 1 3 117
9 2 3 1572
9 3 0 933
9 3 1 44
9 3 2 214
10 0 1 385
10 0 2 70
10 0 3 1071
10 1 0 88
10 1 2 428
10 1 3 133
10 2 3 1148
10 3 0 1054
10 3 1 78
10 3 2 165
11 0 1 289
11 0 2 72
11 0 3 727
11 1 0 103
11 1 2 543
11 1 3 169
11 2 3 938
11 3 0 859
11 3 1 99
11 3 2 207
12 0 1 309
12 0 2 75
12 0 3 636
12 1 0 108
12 1 2 510
12 1 3 149
12 2 3 868
12 3 0 876
12 3 1 87
12 3 2 199
13 0 1 344
13 0 2 51
13 0 3 612
13 1 0 108
13 1 2 494
13 1 3 158
13 2 3 736
13 3 0 793
13 3 1 93
13 3 2 236
14 0 1 266
14 0 2 40
14 0 3 738
14 1 0 112
14 1 2 390
14 1 3 136
14 2 3 786
14 3 0 887
14 3 1 79
14 3 2 193
15 0 1 261
15 0 2 63
15 0 3 912
15 1 0 95
15 1 2 401
15 1 3 154
15 2 3 750
15 3 0 908
15 3 1 95
15 3 2 229
16 0 1 251
16 0 2 64
16 0 3 714
16 1 0 122
16 1 2 481
16 1 3 160
16 2 3 688
16 3 0 903
16 3 1 75
16 3 2 163
17 0 1 190
17 0 2 44
17 0 3 430
17 1 0 84
17 1 2 445
17 1 3 138
17 2 3 702
17 3 0 927
17 3 1 59
17 3 2 251
18 0 1 206
18 0 2 49
18 0 3 471
18 1 0 83
18 1 2 536
18 1 3 109
18 2 3 698
18 3 0 1166
18 3 1 52
18 3 2 195
19 0 1 207
19 0 2 31
19 0 3 1123
19 1 0 83
19 1 2 504
19 1 3 169
19 2 3 583
19 3 0 1115
19 3 1 63
19 3 2 167
20 0 1 182
20 0 2 18
20 0 3 1020
20 1 0 98
20 1 2 477
20 1 3 177
20 2 3 495
20 3 0 947
20 3 1 106
20 3 2 220
21 0 1 187
21 0 2 16
21 0 3 753
21 1 0 111
21 1 2 427
21 1 3 167
21 2 3 490
21 3 0 631
21 3 1 104
21 3 2 220
22 0 1 264
22 0 2 42
22 0 3 755
22 1 0 96
22 1 2 286
22 1 3 87
22 2 3 527
22 3 0 692
22 3 1 129
22 3 2 171
23 0 1 222
23 0 2 48
23 0 3 755
23 1 0 89
23 1 2 114
23 1 3 83
23 2 3 227
23 3 0 738
23 3 1 106
23 3 2 155
