0 0 1.410
0 1 3.215
0 2 0.226
0 3 19.402
0 4 58.037
0 7 11.224
0 8 0.056
0 10 6.430
1 0 0.891
1 1 2.561
1 2 0.000
1 3 22.272
1 4 55.011
1 7 8.686
1 8 0.223
1 10 10.356
2 0 0.284
2 1 1.989
2 2 0.000
2 3 11.080
2 4 62.784
2 7 9.943
2 8 0.000
2 10 13.920
3 0 2.694
3 1 3.367
3 2 0.337
3 3 10.438
3 4 54.209
3 7 13.805
3 8 0.000
3 10 15.152
4 0 1.364
4 1 6.364
4 2 1.818
4 3 16.364
4 4 42.727
4 7 10.909
4 8 0.909
4 10 19.545
5 0 4.301
5 1 15.054
5 2 1.344
5 3 16.398
5 4 37.903
5 7 14.516
5 8 0.538
5 10 9.946
6 0 3.525
6 1 14.657
6 2 1.113
6 3 18.367
6 4 42.208
6 7 11.688
6 8 3.803
6 10 4.638
7 0 3.874
7 1 7.546
7 2 0.646
7 3 23.527
7 4 48.547
7 7 10.291
7 8 2.502
7 10 3.067
8 0 2.401
8 1 6.194
8 2 0.192
8 3 31.285
8 4 47.179
8 7 9.412
8 8 2.449
8 10 0.888
9 0 1.664
9 1 7.655
9 2 0.274
9 3 38.684
9 4 39.761
9 7 9.612
9 8 1.312
9 10 1.038
10 0 2.100
10 1 9.351
10 2 0.476
10 3 36.299
10 4 34.242
10 7 14.632
10 8 1.061
10 10 1.840
11 0 2.022
11 1 12.107
11 2 0.499
11 3 27.334
11 4 44.383
11 7 10.509
11 8 1.073
11 10 2.072
12 0 1.808
12 1 12.235
12 2 0.655
12 3 23.369
12 4 47.446
12 7 10.951
12 8 0.812
12 10 2.725
13 0 5.352
13 1 10.648
13 2 1.048
13 3 22.538
13 4 43.807
13 7 13.462
13 8 0.772
13 10 2.372
14 0 3.281
14 1 9.567
14 2 1.599
14 3 22.719
14 4 44.251
14 7 14.916
14 8 0.827
14 10 2.840
15 0 2.146
15 1 11.091
15 2 0.336
15 3 24.018
15 4 49.793
15 7 9.074
15 8 1.086
15 10 2.456
16 0 2.347
16 1 11.295
16 2 0.552
16 3 22.618
16 4 49.903
16 7 9.804
16 8 0.939
16 10 2.541
17 0 2.630
17 1 10.734
17 2 0.581
17 3 23.670
17 4 48.349
17 7 10.948
17 8 0.765
17 10 2.324
18 0 2.160
18 1 9.846
18 2 0.309
18 3 25.189
18 4 48.359
18 7 11.360
18 8 0.954
18 10 1.823
19 0 3.090
19 1 11.817
19 2 0.321
19 3 28.776
19 4 44.227
19 7 9.839
19 8 0.618
19 10 1.310
20 0 2.513
20 1 15.535
20 2 0.455
20 3 23.556
20 4 41.578
20 7 14.171
20 8 0.481
20 10 1.711
21 0 2.318
21 1 13.458
21 2 0.483
21 3 21.088
21 4 43.690
21 7 16.355
21 8 0.708
21 10 1.900
22 0 2.427
22 1 12.857
22 2 0.131
22 3 18.301
22 4 47.393
22 7 16.727
22 8 0.262
22 10 1.902
23 0 1.498
23 1 10.288
23 2 0.315
23 3 15.136
23 4 52.306
23 7 16.752
23 8 0.276
23 10 3.429
