15
0 0 5 7
0 1070 544 1155 476 38.2
1 1155 476 1206 463 38.2
2 1206 463 1277 400 38.2
3 1277 400 1342 349 38.2
4 1342 349 1536 195 38.2
5 1536 195 1718 101 38.2
6 1718 101 1745 108 38.2
1 0 6 5
0 1070 544 1202 472 42.0
1 1202 472 1336 367 42.0
2 1336 367 1373 336 42.0
3 1373 336 1488 245 42.0
4 1488 245 1643 163 42.0
2 0 1 1
0 1070 544 1268 816 9.8
3 0 7 4
0 1070 544 1023 604 31.6
1 1023 604 912 642 31.6
2 912 642 449 729 31.6
3 449 729 30 802 31.6
4 8 0 2
0 365 50 783 238 9.8
1 783 238 1070 544 9.8
5 1 9 1
0 1268 816 1641 1267 9.8
6 1 2 2
0 1268 816 1289 896 24.0
1 1289 896 1520 1508 24.0
7 1 3 2
0 1268 816 720 1374 18.8
1 720 1374 587 1400 18.8
8 2 10 1
0 1520 1508 1674 1482 20.4
9 2 11 1
0 1520 1508 1539 1572 9.8
10 2 4 1
0 1520 1508 810 1645 21.1
11 3 4 2
0 587 1400 635 1682 27.2
1 635 1682 810 1645 27.2
12 3 12 2
0 587 1400 449 729 31.8
1 449 729 325 30 31.8
13 4 13 1
0 810 1645 826 1714 15.3
14 4 14 1
0 810 1645 720 1374 19.9
